vec3(0.280372, 0.000000, -11.880859)
vec4(-0.772428, -2.405800, -19.835859, 1.000000)
vec4(-0.547828, -2.405800, -19.871658, 1.000000)
vec4(-0.322028, -2.405800, -19.899059, 1.000000)
vec4(-0.095328, -2.405800, -19.917860, 1.000000)
vec4(0.131872, -2.405800, -19.928160, 1.000000)
vec4(0.359372, -2.405800, -19.929859, 1.000000)
vec4(-1.169728, -2.405800, -19.555059, 1.000000)
vec4(-0.955428, -2.405800, -19.606060, 1.000000)
vec4(-0.739328, -2.405800, -19.648960, 1.000000)
vec4(-0.521828, -2.405800, -19.683659, 1.000000)
vec4(-0.303128, -2.405800, -19.710159, 1.000000)
vec4(-0.083528, -2.405800, -19.728359, 1.000000)
vec4(0.136572, -2.405800, -19.738258, 1.000000)
vec4(0.356972, -2.405800, -19.739861, 1.000000)
vec4(0.577172, -2.405800, -19.733259, 1.000000)
vec4(0.797072, -2.405800, -19.718260, 1.000000)
vec4(1.016172, -2.405800, -19.694960, 1.000000)
vec4(-1.534128, -2.405800, -19.258759, 1.000000)
vec4(-1.330828, -2.405800, -19.323660, 1.000000)
vec4(-1.125128, -2.405800, -19.380859, 1.000000)
vec4(-0.917428, -2.405800, -19.430260, 1.000000)
vec4(-0.707928, -2.405800, -19.471859, 1.000000)
vec4(-0.497128, -2.405800, -19.505459, 1.000000)
vec4(-0.285128, -2.405800, -19.531158, 1.000000)
vec4(-0.072328, -2.405800, -19.548759, 1.000000)
vec4(0.141072, -2.405800, -19.558359, 1.000000)
vec4(0.354672, -2.405800, -19.559959, 1.000000)
vec4(0.568172, -2.405800, -19.553459, 1.000000)
vec4(0.781272, -2.405800, -19.538960, 1.000000)
vec4(0.993672, -2.405800, -19.516359, 1.000000)
vec4(1.205072, -2.405800, -19.485859, 1.000000)
vec4(-1.674228, -2.405800, -19.026760, 1.000000)
vec4(-1.479528, -2.405800, -19.097160, 1.000000)
vec4(-1.282328, -2.405800, -19.160059, 1.000000)
vec4(-1.082828, -2.405800, -19.215559, 1.000000)
vec4(-0.881328, -2.405800, -19.263458, 1.000000)
vec4(-0.678228, -2.405800, -19.303761, 1.000000)
vec4(-0.473728, -2.405800, -19.336359, 1.000000)
vec4(-0.268028, -2.405800, -19.361259, 1.000000)
vec4(-0.061628, -2.405800, -19.378359, 1.000000)
vec4(0.145272, -2.405800, -19.387659, 1.000000)
vec4(0.352472, -2.405800, -19.389160, 1.000000)
vec4(0.559472, -2.405800, -19.382858, 1.000000)
vec4(0.766172, -2.405800, -19.368759, 1.000000)
vec4(0.972172, -2.405800, -19.346859, 1.000000)
vec4(1.177272, -2.405800, -19.317259, 1.000000)
vec4(1.381072, -2.405800, -19.279860, 1.000000)
vec4(-1.802928, -2.405800, -18.799959, 1.000000)
vec4(-1.616628, -2.405800, -18.875259, 1.000000)
vec4(-1.427628, -2.405800, -18.943459, 1.000000)
vec4(-1.236228, -2.405800, -19.004559, 1.000000)
vec4(-1.042628, -2.405800, -19.058460, 1.000000)
vec4(-0.847028, -2.405800, -19.104959, 1.000000)
vec4(-0.649928, -2.405800, -19.144058, 1.000000)
vec4(-0.451428, -2.405800, -19.175659, 1.000000)
vec4(-0.251828, -2.405800, -19.199760, 1.000000)
vec4(-0.051528, -2.405800, -19.216358, 1.000000)
vec4(0.149272, -2.405800, -19.225460, 1.000000)
vec4(0.350372, -2.405800, -19.226860, 1.000000)
vec4(0.551272, -2.405800, -19.220760, 1.000000)
vec4(0.751872, -2.405800, -19.207060, 1.000000)
vec4(0.951872, -2.405800, -19.185860, 1.000000)
vec4(1.150872, -2.405800, -19.157059, 1.000000)
vec4(1.348672, -2.405800, -19.120760, 1.000000)
vec4(1.544972, -2.405800, -19.077059, 1.000000)
vec4(-1.742628, -2.405800, -18.657860, 1.000000)
vec4(-1.561828, -2.405800, -18.730959, 1.000000)
vec4(-1.378228, -2.405800, -18.797260, 1.000000)
vec4(-1.192328, -2.405800, -18.856560, 1.000000)
vec4(-1.004328, -2.405800, -18.908859, 1.000000)
vec4(-0.814428, -2.405800, -18.953960, 1.000000)
vec4(-0.623028, -2.405800, -18.991959, 1.000000)
vec4(-0.430228, -2.405800, -19.022659, 1.000000)
vec4(-0.236428, -2.405800, -19.046059, 1.000000)
vec4(-0.041928, -2.405800, -19.062160, 1.000000)
vec4(0.153172, -2.405800, -19.070959, 1.000000)
vec4(0.348372, -2.405800, -19.072359, 1.000000)
vec4(0.543572, -2.405800, -19.066460, 1.000000)
vec4(0.738272, -2.405800, -19.053160, 1.000000)
vec4(0.932472, -2.405800, -19.032459, 1.000000)
vec4(1.125772, -2.405800, -19.004559, 1.000000)
vec4(1.317772, -2.405800, -18.969259, 1.000000)
vec4(1.508372, -2.405800, -18.926859, 1.000000)
vec4(1.697272, -2.405800, -18.877258, 1.000000)
vec4(-1.858228, -2.405800, -18.444859, 1.000000)
vec4(-1.685228, -2.405800, -18.522459, 1.000000)
vec4(-1.509528, -2.405800, -18.593460, 1.000000)
vec4(-1.331128, -2.405800, -18.657860, 1.000000)
vec4(-1.150528, -2.405800, -18.715460, 1.000000)
vec4(-0.967828, -2.405800, -18.766258, 1.000000)
vec4(-0.783328, -2.405800, -18.810059, 1.000000)
vec4(-0.597328, -2.405800, -18.846960, 1.000000)
vec4(-0.410028, -2.405800, -18.876759, 1.000000)
vec4(-0.221728, -2.405800, -18.899559, 1.000000)
vec4(-0.032728, -2.405800, -18.915159, 1.000000)
vec4(0.156772, -2.405800, -18.923759, 1.000000)
vec4(0.346472, -2.405800, -18.925060, 1.000000)
vec4(0.536072, -2.405800, -18.919260, 1.000000)
vec4(0.725372, -2.405800, -18.906359, 1.000000)
vec4(0.913972, -2.405800, -18.886259, 1.000000)
vec4(1.101772, -2.405800, -18.859159, 1.000000)
vec4(1.288372, -2.405800, -18.824860, 1.000000)
vec4(1.473572, -2.405800, -18.783659, 1.000000)
vec4(1.657072, -2.405800, -18.735458, 1.000000)
vec4(1.838672, -2.405800, -18.680460, 1.000000)
vec4(-1.963728, -2.405800, -18.235960, 1.000000)
vec4(-1.798528, -2.405800, -18.317659, 1.000000)
vec4(-1.630428, -2.405800, -18.393160, 1.000000)
vec4(-1.459528, -2.405800, -18.462158, 1.000000)
vec4(-1.286228, -2.405800, -18.524759, 1.000000)
vec4(-1.110628, -2.405800, -18.580759, 1.000000)
vec4(-0.933028, -2.405800, -18.630058, 1.000000)
vec4(-0.753628, -2.405800, -18.672760, 1.000000)
vec4(-0.572828, -2.405800, -18.708559, 1.000000)
vec4(-0.390728, -2.405800, -18.737560, 1.000000)
vec4(-0.207728, -2.405800, -18.759659, 1.000000)
vec4(-0.023928, -2.405800, -18.774860, 1.000000)
vec4(0.160272, -2.405800, -18.783159, 1.000000)
vec4(0.344672, -2.405800, -18.784460, 1.000000)
vec4(0.528972, -2.405800, -18.778858, 1.000000)
vec4(0.712972, -2.405800, -18.766258, 1.000000)
vec4(0.896372, -2.405800, -18.746759, 1.000000)
vec4(1.078872, -2.405800, -18.720360, 1.000000)
vec4(1.260272, -2.405800, -18.687059, 1.000000)
vec4(1.440372, -2.405800, -18.646959, 1.000000)
vec4(1.618772, -2.405800, -18.600159, 1.000000)
vec4(1.795272, -2.405800, -18.546558, 1.000000)
vec4(-1.902228, -2.405800, -18.116760, 1.000000)
vec4(-1.741528, -2.405800, -18.196159, 1.000000)
vec4(-1.578028, -2.405800, -18.269560, 1.000000)
vec4(-1.411828, -2.405800, -18.336760, 1.000000)
vec4(-1.243228, -2.405800, -18.397560, 1.000000)
vec4(-1.072428, -2.405800, -18.452059, 1.000000)
vec4(-0.899728, -2.405800, -18.499960, 1.000000)
vec4(-0.725228, -2.405800, -18.541460, 1.000000)
vec4(-0.549328, -2.405800, -18.576260, 1.000000)
vec4(-0.372328, -2.405800, -18.604460, 1.000000)
vec4(-0.194228, -2.405800, -18.625959, 1.000000)
vec4(-0.015528, -2.405800, -18.640759, 1.000000)
vec4(0.163572, -2.405800, -18.648760, 1.000000)
vec4(0.342972, -2.405800, -18.650059, 1.000000)
vec4(0.522172, -2.405800, -18.644560, 1.000000)
vec4(0.701172, -2.405800, -18.632359, 1.000000)
vec4(0.879472, -2.405800, -18.613359, 1.000000)
vec4(1.057072, -2.405800, -18.587660, 1.000000)
vec4(1.233472, -2.405800, -18.555359, 1.000000)
vec4(1.408572, -2.405800, -18.516359, 1.000000)
vec4(1.582072, -2.405800, -18.470760, 1.000000)
vec4(1.753772, -2.405800, -18.418659, 1.000000)
vec4(1.923272, -2.405800, -18.360159, 1.000000)
vec4(-1.996628, -2.405800, -17.919460, 1.000000)
vec4(-1.843328, -2.405800, -18.002560, 1.000000)
vec4(-1.687028, -2.405800, -18.079859, 1.000000)
vec4(-1.527828, -2.405800, -18.151260, 1.000000)
vec4(-1.366128, -2.405800, -18.216560, 1.000000)
vec4(-1.202128, -2.405800, -18.275759, 1.000000)
vec4(-1.035928, -2.405800, -18.328758, 1.000000)
vec4(-0.867828, -2.405800, -18.375460, 1.000000)
vec4(-0.698128, -2.405800, -18.415760, 1.000000)
vec4(-0.526928, -2.405800, -18.449659, 1.000000)
vec4(-0.354628, -2.405800, -18.477160, 1.000000)
vec4(-0.181428, -2.405800, -18.498058, 1.000000)
vec4(-0.007528, -2.405800, -18.512459, 1.000000)
vec4(0.166772, -2.405800, -18.520260, 1.000000)
vec4(0.341272, -2.405800, -18.521460, 1.000000)
vec4(0.515772, -2.405800, -18.516159, 1.000000)
vec4(0.689872, -2.405800, -18.504259, 1.000000)
vec4(0.863372, -2.405800, -18.485760, 1.000000)
vec4(1.036172, -2.405800, -18.460758, 1.000000)
vec4(1.207772, -2.405800, -18.429260, 1.000000)
vec4(1.378172, -2.405800, -18.391258, 1.000000)
vec4(1.546972, -2.405800, -18.346960, 1.000000)
vec4(1.713972, -2.405800, -18.296259, 1.000000)
vec4(1.878972, -2.405800, -18.239359, 1.000000)
vec4(-1.936128, -2.405800, -17.812260, 1.000000)
vec4(-1.786928, -2.405800, -17.893259, 1.000000)
vec4(-1.634728, -2.405800, -17.968460, 1.000000)
vec4(-1.479828, -2.405800, -18.037960, 1.000000)
vec4(-1.322428, -2.405800, -18.101559, 1.000000)
vec4(-1.162728, -2.405800, -18.159159, 1.000000)
vec4(-1.000928, -2.405800, -18.210758, 1.000000)
vec4(-0.837328, -2.405800, -18.256159, 1.000000)
vec4(-0.672028, -2.405800, -18.295460, 1.000000)
vec4(-0.505428, -2.405800, -18.328360, 1.000000)
vec4(-0.337728, -2.405800, -18.355059, 1.000000)
vec4(-0.169128, -2.405800, -18.375460, 1.000000)
vec4(0.000172, -2.405800, -18.389460, 1.000000)
vec4(0.169872, -2.405800, -18.397060, 1.000000)
vec4(0.339672, -2.405800, -18.398258, 1.000000)
vec4(0.509472, -2.405800, -18.393059, 1.000000)
vec4(0.678972, -2.405800, -18.381458, 1.000000)
vec4(0.847972, -2.405800, -18.363461, 1.000000)
vec4(1.016072, -2.405800, -18.339060, 1.000000)
vec4(1.183172, -2.405800, -18.308460, 1.000000)
vec4(1.349072, -2.405800, -18.271559, 1.000000)
vec4(1.513372, -2.405800, -18.228359, 1.000000)
vec4(1.675972, -2.405800, -18.179060, 1.000000)
vec4(1.836572, -2.405800, -18.123659, 1.000000)
vec4(1.994972, -2.405800, -18.062160, 1.000000)
vec4(-1.878128, -2.405800, -17.709560, 1.000000)
vec4(-1.732728, -2.405800, -17.788260, 1.000000)
vec4(-1.584628, -2.405800, -17.861559, 1.000000)
vec4(-1.433728, -2.405800, -17.929260, 1.000000)
vec4(-1.280428, -2.405800, -17.991159, 1.000000)
vec4(-0.647128, -2.405800, -18.179958, 1.000000)
vec4(-1.124928, -2.405800, -18.047260, 1.000000)
vec4(-0.484828, -2.405800, -18.212059, 1.000000)
vec4(-0.967328, -2.405800, -18.097460, 1.000000)
vec4(-0.808028, -2.405800, -18.141659, 1.000000)
vec4(-0.321528, -2.405800, -18.238060, 1.000000)
vec4(0.338172, -2.405800, -18.280060, 1.000000)
vec4(1.321072, -2.405800, -18.156660, 1.000000)
vec4(-0.157328, -2.405800, -18.257858, 1.000000)
vec4(1.481072, -2.405800, -18.114559, 1.000000)
vec4(0.503572, -2.405800, -18.274960, 1.000000)
vec4(1.639472, -2.405800, -18.066559, 1.000000)
vec4(0.007572, -2.405800, -18.271460, 1.000000)
vec4(0.668572, -2.405800, -18.263660, 1.000000)
vec4(1.795872, -2.405800, -18.012560, 1.000000)
vec4(0.172772, -2.405800, -18.278858, 1.000000)
vec4(0.833072, -2.405800, -18.246159, 1.000000)
vec4(1.950072, -2.405800, -17.952759, 1.000000)
vec4(0.996872, -2.405800, -18.222460, 1.000000)
vec4(1.159572, -2.405800, -18.192558, 1.000000)
vec4(-1.822328, -2.405800, -17.610859, 1.000000)
vec4(-1.680828, -2.405800, -17.687559, 1.000000)
vec4(-1.536428, -2.405800, -17.758959, 1.000000)
vec4(-1.389428, -2.405800, -17.824860, 1.000000)
vec4(-1.240128, -2.405800, -17.885159, 1.000000)
vec4(-1.088628, -2.405800, -17.939859, 1.000000)
vec4(-0.935128, -2.405800, -17.988760, 1.000000)
vec4(-0.779928, -2.405800, -18.031759, 1.000000)
vec4(-0.623128, -2.405800, -18.069059, 1.000000)
vec4(-0.465128, -2.405800, -18.100359, 1.000000)
vec4(-0.305928, -2.405800, -18.125660, 1.000000)
vec4(-0.146028, -2.405800, -18.144958, 1.000000)
vec4(0.014572, -2.405800, -18.158159, 1.000000)
vec4(0.175572, -2.405800, -18.165359, 1.000000)
vec4(0.336772, -2.405800, -18.166559, 1.000000)
vec4(0.497772, -2.405800, -18.161560, 1.000000)
vec4(0.658572, -2.405800, -18.150558, 1.000000)
vec4(0.818872, -2.405800, -18.133459, 1.000000)
vec4(0.978372, -2.405800, -18.110359, 1.000000)
vec4(1.136872, -2.405800, -18.081360, 1.000000)
vec4(1.294272, -2.405800, -18.046259, 1.000000)
vec4(1.450172, -2.405800, -18.005360, 1.000000)
vec4(1.604372, -2.405800, -17.958559, 1.000000)
vec4(1.756772, -2.405800, -17.905960, 1.000000)
vec4(1.907072, -2.405800, -17.847660, 1.000000)
vec4(-1.903828, -2.405800, -17.435959, 1.000000)
vec4(-1.768828, -2.405800, -17.515959, 1.000000)
vec4(-1.630828, -2.405800, -17.590759, 1.000000)
vec4(-1.490128, -2.405800, -17.660259, 1.000000)
vec4(-1.201328, -2.405800, -17.783260, 1.000000)
vec4(-1.053728, -2.405800, -17.836559, 1.000000)
vec4(-0.904128, -2.405800, -17.884159, 1.000000)
vec4(-0.752828, -2.405800, -17.926159, 1.000000)
vec4(-0.600128, -2.405800, -17.962460, 1.000000)
vec4(-0.446028, -2.405800, -17.992859, 1.000000)
vec4(-0.291028, -2.405800, -18.017559, 1.000000)
vec4(0.335372, -2.405800, -18.057360, 1.000000)
vec4(-0.135128, -2.405800, -18.036360, 1.000000)
vec4(0.492272, -2.405800, -18.052559, 1.000000)
vec4(0.021372, -2.405800, -18.049259, 1.000000)
vec4(0.178272, -2.405800, -18.056358, 1.000000)
vec4(0.648972, -2.405800, -18.041859, 1.000000)
vec4(0.805172, -2.405800, -18.025259, 1.000000)
vec4(1.268472, -2.405800, -17.940159, 1.000000)
vec4(0.960672, -2.405800, -18.002659, 1.000000)
vec4(1.420372, -2.405800, -17.900259, 1.000000)
vec4(1.115172, -2.405800, -17.974360, 1.000000)
vec4(1.570672, -2.405800, -17.854660, 1.000000)
vec4(1.719172, -2.405800, -17.803459, 1.000000)
