vec3(-3.094954, 0.000000, -20.186195)
vec4(1.561746, -1.290500, -17.959496, 1.000000)
vec4(1.497945, -1.318900, -17.690994, 1.000000)
vec4(1.544645, -1.358300, -17.975096, 1.000000)
vec4(1.543446, -1.407000, -17.646496, 1.000000)
vec4(1.546745, -1.431800, -17.973095, 1.000000)
vec4(1.541646, -1.482000, -17.648195, 1.000000)
vec4(1.781946, -1.530100, -18.083496, 1.000000)
vec4(1.548945, -1.505800, -17.971195, 1.000000)
vec4(1.540246, -1.557400, -17.649595, 1.000000)
vec4(1.786446, -1.606500, -18.079695, 1.000000)
vec4(1.551146, -1.580200, -17.969296, 1.000000)
vec4(1.791046, -1.683400, -18.075895, 1.000000)
vec4(1.553346, -1.655100, -17.967295, 1.000000)
vec4(1.795646, -1.761000, -18.072096, 1.000000)
vec4(1.555545, -1.730600, -17.965395, 1.000000)
vec4(1.800345, -1.839200, -18.068096, 1.000000)
vec4(1.557745, -1.806600, -17.963396, 1.000000)
vec4(1.805245, -1.918100, -18.064095, 1.000000)
vec4(1.560346, -1.883200, -17.961096, 1.000000)
vec4(1.810145, -1.997700, -18.059996, 1.000000)
vec4(1.564445, -1.961100, -17.957396, 1.000000)
vec4(1.815145, -2.078000, -18.055796, 1.000000)
vec4(1.568545, -2.039700, -17.953594, 1.000000)
vec4(1.597445, -2.302600, -16.846096, 1.000000)
vec4(1.393045, -2.302600, -16.673496, 1.000000)
vec4(1.182345, -2.302600, -16.508795, 1.000000)
vec4(0.965645, -2.302600, -16.352097, 1.000000)
vec4(0.743145, -2.302600, -16.203695, 1.000000)
vec4(1.820146, -2.159000, -18.051596, 1.000000)
vec4(1.572745, -2.119000, -17.949896, 1.000000)
vec4(1.800345, -2.302600, -17.395294, 1.000000)
vec4(1.616446, -2.302600, -17.214796, 1.000000)
vec4(1.425945, -2.302600, -17.041296, 1.000000)
vec4(1.229045, -2.302600, -16.874996, 1.000000)
vec4(1.026045, -2.302600, -16.716295, 1.000000)
vec4(0.817245, -2.302600, -16.565395, 1.000000)
vec4(0.602946, -2.302600, -16.422396, 1.000000)
vec4(1.823845, -2.240200, -18.048496, 1.000000)
vec4(1.576846, -2.198900, -17.946196, 1.000000)
vec4(1.626445, -2.302600, -17.565495, 1.000000)
vec4(1.449145, -2.302600, -17.391396, 1.000000)
vec4(1.265446, -2.302600, -17.223995, 1.000000)
vec4(1.075545, -2.302600, -17.063696, 1.000000)
vec4(0.879745, -2.302600, -16.910595, 1.000000)
vec4(0.678345, -2.302600, -16.764996, 1.000000)
vec4(0.471646, -2.302600, -16.627094, 1.000000)
vec4(1.937346, -2.302600, -18.266596, 1.000000)
vec4(1.786146, -2.302600, -18.080196, 1.000000)
vec4(1.578345, -2.278400, -17.944895, 1.000000)
vec4(1.463346, -2.302600, -17.725195, 1.000000)
vec4(1.292146, -2.302600, -17.557095, 1.000000)
vec4(1.114746, -2.302600, -17.395496, 1.000000)
vec4(0.931446, -2.302600, -17.240696, 1.000000)
vec4(0.742346, -2.302600, -17.092896, 1.000000)
vec4(0.547945, -2.302600, -16.952295, 1.000000)
vec4(1.907246, -2.302600, -18.584095, 1.000000)
vec4(1.767945, -2.302600, -18.398596, 1.000000)
vec4(1.621846, -2.302600, -18.218494, 1.000000)
vec4(1.469145, -2.302600, -18.043995, 1.000000)
vec4(1.309946, -2.302600, -17.875395, 1.000000)
vec4(1.144445, -2.302600, -17.712894, 1.000000)
vec4(0.973045, -2.302600, -17.556795, 1.000000)
vec4(0.795945, -2.302600, -17.407196, 1.000000)
vec4(0.613245, -2.302600, -17.264395, 1.000000)
vec4(0.425345, -2.302600, -17.128494, 1.000000)
vec4(1.742946, -2.302600, -18.702295, 1.000000)
vec4(1.608346, -2.302600, -18.522995, 1.000000)
vec4(1.467045, -2.302600, -18.348795, 1.000000)
vec4(1.319245, -2.302600, -18.179996, 1.000000)
vec4(1.165346, -2.302600, -18.016994, 1.000000)
vec4(1.005345, -2.302600, -17.859795, 1.000000)
vec4(0.839545, -2.302600, -17.708796, 1.000000)
vec4(0.668246, -2.302600, -17.564095, 1.000000)
vec4(0.491545, -2.302600, -17.425896, 1.000000)
vec4(1.711646, -2.302600, -18.992495, 1.000000)
vec4(1.587945, -2.302600, -18.813995, 1.000000)
vec4(1.457645, -2.302600, -18.640396, 1.000000)
vec4(1.320846, -2.302600, -18.471796, 1.000000)
vec4(1.177845, -2.302600, -18.308395, 1.000000)
vec4(1.028746, -2.302600, -18.150595, 1.000000)
vec4(0.873945, -2.302600, -17.998495, 1.000000)
vec4(0.713445, -2.302600, -17.852295, 1.000000)
vec4(0.547646, -2.302600, -17.712196, 1.000000)
vec4(1.561046, -2.302600, -19.092495, 1.000000)
vec4(1.441246, -2.302600, -18.919695, 1.000000)
vec4(1.315045, -2.302600, -18.751495, 1.000000)
vec4(1.182546, -2.302600, -18.588196, 1.000000)
vec4(1.044045, -2.302600, -18.429895, 1.000000)
vec4(0.899646, -2.302600, -18.276995, 1.000000)
vec4(0.749645, -2.302600, -18.129595, 1.000000)
vec4(0.594245, -2.302600, -17.987995, 1.000000)
vec4(0.433546, -2.302600, -17.852396, 1.000000)
vec4(1.418446, -2.302600, -19.187296, 1.000000)
vec4(1.302246, -2.302600, -19.019794, 1.000000)
vec4(1.179945, -2.302600, -18.856695, 1.000000)
vec4(1.051445, -2.302600, -18.698395, 1.000000)
vec4(0.917245, -2.302600, -18.544994, 1.000000)
vec4(0.777246, -2.302600, -18.396795, 1.000000)
vec4(0.631845, -2.302600, -18.253895, 1.000000)
vec4(0.481146, -2.302600, -18.116695, 1.000000)
vec4(1.283045, -2.302600, -19.277296, 1.000000)
vec4(1.170345, -2.302600, -19.114796, 1.000000)
vec4(1.051645, -2.302600, -18.956696, 1.000000)
vec4(0.927045, -2.302600, -18.803095, 1.000000)
vec4(0.796845, -2.302600, -18.654295, 1.000000)
vec4(0.661145, -2.302600, -18.510496, 1.000000)
vec4(0.520046, -2.302600, -18.371895, 1.000000)
vec4(1.257646, -2.302600, -19.524696, 1.000000)
vec4(1.154245, -2.302600, -19.362896, 1.000000)
vec4(1.044946, -2.302600, -19.205196, 1.000000)
vec4(0.929746, -2.302600, -19.051695, 1.000000)
vec4(0.808846, -2.302600, -18.902596, 1.000000)
vec4(0.682446, -2.302600, -18.758196, 1.000000)
vec4(0.550646, -2.302600, -18.618595, 1.000000)
vec4(0.413745, -2.302600, -18.484095, 1.000000)
vec4(1.132046, -2.302600, -19.601395, 1.000000)
vec4(1.031745, -2.302600, -19.444395, 1.000000)
vec4(0.925546, -2.302600, -19.291195, 1.000000)
vec4(0.813646, -2.302600, -19.142096, 1.000000)
vec4(0.696245, -2.302600, -18.997295, 1.000000)
vec4(0.573446, -2.302600, -18.857096, 1.000000)
vec4(0.445545, -2.302600, -18.721495, 1.000000)
vec4(1.012345, -2.302600, -19.674696, 1.000000)
vec4(0.914845, -2.302600, -19.521996, 1.000000)
vec4(0.811646, -2.302600, -19.373196, 1.000000)
vec4(0.702945, -2.302600, -19.228294, 1.000000)
vec4(0.588845, -2.302600, -19.087595, 1.000000)
vec4(0.469646, -2.302600, -18.951296, 1.000000)
vec4(0.898046, -2.302600, -19.744595, 1.000000)
vec4(0.803345, -2.302600, -19.596195, 1.000000)
vec4(0.702945, -2.302600, -19.451496, 1.000000)
vec4(0.597346, -2.302600, -19.310595, 1.000000)
vec4(0.486445, -2.302600, -19.173895, 1.000000)
vec4(0.788846, -2.302600, -19.811396, 1.000000)
vec4(0.696645, -2.302600, -19.667095, 1.000000)
vec4(0.599046, -2.302600, -19.526295, 1.000000)
vec4(0.496346, -2.302600, -19.389296, 1.000000)
vec4(0.684345, -2.302600, -19.875395, 1.000000)
vec4(0.594546, -2.302600, -19.734896, 1.000000)
vec4(0.499645, -2.302600, -19.597895, 1.000000)
vec4(0.399646, -2.302600, -19.464596, 1.000000)
vec4(0.496746, -2.302600, -19.799896, 1.000000)
vec4(0.404346, -2.302600, -19.666595, 1.000000)
vec4(0.402946, -2.302600, -19.862295, 1.000000)
