vec3(-4.391788, 0.000000, -19.242504)
vec4(0.581512, -1.258700, -17.058605, 1.000000)
vec4(0.445312, -1.265200, -16.852005, 1.000000)
vec4(0.450013, -1.298300, -17.169205, 1.000000)
vec4(0.264913, -1.290500, -17.015804, 1.000000)
vec4(0.201112, -1.318900, -16.747303, 1.000000)
vec4(0.476112, -1.378900, -17.147305, 1.000000)
vec4(0.247812, -1.358300, -17.031404, 1.000000)
vec4(0.246613, -1.407000, -16.702805, 1.000000)
vec4(0.480612, -1.454300, -17.143604, 1.000000)
vec4(0.249912, -1.431800, -17.029404, 1.000000)
vec4(0.244812, -1.482000, -16.704504, 1.000000)
vec4(0.485113, -1.530100, -17.139805, 1.000000)
vec4(0.252112, -1.505800, -17.027504, 1.000000)
vec4(0.243412, -1.557400, -16.705904, 1.000000)
vec4(0.489613, -1.606500, -17.136003, 1.000000)
vec4(0.254313, -1.580200, -17.025604, 1.000000)
vec4(0.494213, -1.683400, -17.132204, 1.000000)
vec4(0.256513, -1.655100, -17.023603, 1.000000)
vec4(0.498813, -1.761000, -17.128405, 1.000000)
vec4(0.258712, -1.730600, -17.021704, 1.000000)
vec4(0.503512, -1.839200, -17.124405, 1.000000)
vec4(0.260912, -1.806600, -17.019705, 1.000000)
vec4(0.508412, -1.918100, -17.120403, 1.000000)
vec4(0.263513, -1.883200, -17.017405, 1.000000)
vec4(0.513312, -1.997700, -17.116304, 1.000000)
vec4(0.267612, -1.961100, -17.013704, 1.000000)
vec4(1.927012, -2.345900, -17.697704, 1.000000)
vec4(1.788912, -2.345900, -17.462704, 1.000000)
vec4(1.642112, -2.345900, -17.233105, 1.000000)
vec4(1.378313, -2.302600, -17.087204, 1.000000)
vec4(1.217712, -2.302600, -16.873304, 1.000000)
vec4(0.518312, -2.078000, -17.112104, 1.000000)
vec4(0.271712, -2.039700, -17.009903, 1.000000)
vec4(0.689212, -2.302600, -16.269905, 1.000000)
vec4(0.498413, -2.302600, -16.082405, 1.000000)
vec4(1.936012, -2.345900, -18.294403, 1.000000)
vec4(1.820413, -2.345900, -18.058603, 1.000000)
vec4(1.696012, -2.345900, -17.827305, 1.000000)
vec4(1.562912, -2.345900, -17.600904, 1.000000)
vec4(1.314312, -2.302600, -17.450905, 1.000000)
vec4(1.167412, -2.302600, -17.239105, 1.000000)
vec4(1.012612, -2.302600, -17.033005, 1.000000)
vec4(0.523313, -2.159000, -17.107904, 1.000000)
vec4(0.275912, -2.119000, -17.006205, 1.000000)
vec4(0.503512, -2.302600, -16.451603, 1.000000)
vec4(0.319613, -2.302600, -16.271105, 1.000000)
vec4(0.129112, -2.302600, -16.097605, 1.000000)
vec4(1.814113, -2.345900, -18.630705, 1.000000)
vec4(1.711213, -2.345900, -18.399204, 1.000000)
vec4(1.599712, -2.345900, -18.171804, 1.000000)
vec4(1.371412, -2.302600, -18.009504, 1.000000)
vec4(1.245512, -2.302600, -17.795105, 1.000000)
vec4(1.111612, -2.302600, -17.585604, 1.000000)
vec4(0.969913, -2.302600, -17.381405, 1.000000)
vec4(0.820713, -2.302600, -17.182604, 1.000000)
vec4(0.527012, -2.240200, -17.104805, 1.000000)
vec4(0.280013, -2.198900, -17.002504, 1.000000)
vec4(0.329612, -2.302600, -16.621803, 1.000000)
vec4(0.152312, -2.302600, -16.447704, 1.000000)
vec4(-0.031387, -2.302600, -16.280304, 1.000000)
vec4(-0.221288, -2.302600, -16.120005, 1.000000)
vec4(1.690513, -2.345900, -18.948004, 1.000000)
vec4(1.599612, -2.345900, -18.721004, 1.000000)
vec4(1.500312, -2.345900, -18.497505, 1.000000)
vec4(1.285913, -2.302600, -18.332603, 1.000000)
vec4(1.172213, -2.302600, -18.121204, 1.000000)
vec4(1.050612, -2.302600, -17.914305, 1.000000)
vec4(0.921412, -2.302600, -17.712004, 1.000000)
vec4(0.784613, -2.302600, -17.514805, 1.000000)
vec4(0.640512, -2.302600, -17.322905, 1.000000)
vec4(0.489313, -2.302600, -17.136505, 1.000000)
vec4(0.281512, -2.278400, -17.001204, 1.000000)
vec4(0.166512, -2.302600, -16.781504, 1.000000)
vec4(-0.004687, -2.302600, -16.613403, 1.000000)
vec4(-0.182087, -2.302600, -16.451805, 1.000000)
vec4(-0.365387, -2.302600, -16.297005, 1.000000)
vec4(-0.554487, -2.302600, -16.149204, 1.000000)
vec4(1.377313, -2.302600, -19.066204, 1.000000)
vec4(1.291112, -2.302600, -18.850904, 1.000000)
vec4(1.196912, -2.302600, -18.638905, 1.000000)
vec4(1.094812, -2.302600, -18.430605, 1.000000)
vec4(0.984912, -2.302600, -18.226404, 1.000000)
vec4(0.867413, -2.302600, -18.026403, 1.000000)
vec4(0.742513, -2.302600, -17.830904, 1.000000)
vec4(0.610413, -2.302600, -17.640404, 1.000000)
vec4(0.471112, -2.302600, -17.454905, 1.000000)
vec4(0.325013, -2.302600, -17.274803, 1.000000)
vec4(0.172312, -2.302600, -17.100304, 1.000000)
vec4(0.013113, -2.302600, -16.931704, 1.000000)
vec4(-0.152388, -2.302600, -16.769203, 1.000000)
vec4(-0.323788, -2.302600, -16.613104, 1.000000)
vec4(-0.500888, -2.302600, -16.463505, 1.000000)
vec4(-0.683588, -2.302600, -16.320704, 1.000000)
vec4(1.263312, -2.302600, -19.349005, 1.000000)
vec4(1.187812, -2.302600, -19.137705, 1.000000)
vec4(1.104513, -2.302600, -18.929403, 1.000000)
vec4(1.013412, -2.302600, -18.724403, 1.000000)
vec4(0.914612, -2.302600, -18.523005, 1.000000)
vec4(0.808413, -2.302600, -18.325405, 1.000000)
vec4(0.694812, -2.302600, -18.132004, 1.000000)
vec4(0.574012, -2.302600, -17.943005, 1.000000)
vec4(0.446113, -2.302600, -17.758604, 1.000000)
vec4(0.311512, -2.302600, -17.579304, 1.000000)
vec4(0.170212, -2.302600, -17.405104, 1.000000)
vec4(0.022412, -2.302600, -17.236305, 1.000000)
vec4(-0.131487, -2.302600, -17.073303, 1.000000)
vec4(-0.291488, -2.302600, -16.916103, 1.000000)
vec4(-0.457288, -2.302600, -16.765104, 1.000000)
vec4(-0.628587, -2.302600, -16.620403, 1.000000)
vec4(-0.805288, -2.302600, -16.482204, 1.000000)
vec4(1.147313, -2.302600, -19.616903, 1.000000)
vec4(1.082013, -2.302600, -19.409704, 1.000000)
vec4(1.009013, -2.302600, -19.205204, 1.000000)
vec4(0.928312, -2.302600, -19.003605, 1.000000)
vec4(0.840113, -2.302600, -18.805204, 1.000000)
vec4(0.744513, -2.302600, -18.610205, 1.000000)
vec4(0.641713, -2.302600, -18.418903, 1.000000)
vec4(0.531713, -2.302600, -18.231705, 1.000000)
vec4(0.414813, -2.302600, -18.048803, 1.000000)
vec4(0.291112, -2.302600, -17.870304, 1.000000)
vec4(0.160812, -2.302600, -17.696705, 1.000000)
vec4(0.024013, -2.302600, -17.528105, 1.000000)
vec4(-0.118988, -2.302600, -17.364704, 1.000000)
vec4(-0.268087, -2.302600, -17.206903, 1.000000)
vec4(-0.422888, -2.302600, -17.054804, 1.000000)
vec4(-0.583388, -2.302600, -16.908604, 1.000000)
vec4(-0.749187, -2.302600, -16.768505, 1.000000)
vec4(0.973712, -2.302600, -19.667805, 1.000000)
vec4(0.910512, -2.302600, -19.467205, 1.000000)
vec4(0.839812, -2.302600, -19.269104, 1.000000)
vec4(0.761612, -2.302600, -19.073805, 1.000000)
vec4(0.676212, -2.302600, -18.881504, 1.000000)
vec4(0.583612, -2.302600, -18.692703, 1.000000)
vec4(0.484013, -2.302600, -18.507404, 1.000000)
vec4(0.377512, -2.302600, -18.326004, 1.000000)
vec4(0.264213, -2.302600, -18.148804, 1.000000)
vec4(0.144413, -2.302600, -17.976004, 1.000000)
vec4(0.018212, -2.302600, -17.807804, 1.000000)
vec4(-0.114287, -2.302600, -17.644505, 1.000000)
vec4(-0.252788, -2.302600, -17.486204, 1.000000)
vec4(-0.397187, -2.302600, -17.333303, 1.000000)
vec4(-0.547188, -2.302600, -17.185904, 1.000000)
vec4(-0.702588, -2.302600, -17.044304, 1.000000)
vec4(-0.863287, -2.302600, -16.908705, 1.000000)
vec4(0.809312, -2.302600, -19.716105, 1.000000)
vec4(0.748013, -2.302600, -19.521605, 1.000000)
vec4(0.679412, -2.302600, -19.329605, 1.000000)
vec4(0.603713, -2.302600, -19.140203, 1.000000)
vec4(0.520913, -2.302600, -18.953903, 1.000000)
vec4(0.431212, -2.302600, -18.770803, 1.000000)
vec4(0.334612, -2.302600, -18.591204, 1.000000)
vec4(0.231412, -2.302600, -18.415403, 1.000000)
vec4(0.121613, -2.302600, -18.243605, 1.000000)
vec4(0.005413, -2.302600, -18.076103, 1.000000)
vec4(-0.116888, -2.302600, -17.913004, 1.000000)
vec4(-0.245388, -2.302600, -17.754704, 1.000000)
vec4(-0.379588, -2.302600, -17.601303, 1.000000)
vec4(-0.519588, -2.302600, -17.453104, 1.000000)
vec4(-0.664988, -2.302600, -17.310204, 1.000000)
vec4(-0.815687, -2.302600, -17.173004, 1.000000)
vec4(0.653213, -2.302600, -19.761904, 1.000000)
vec4(0.593712, -2.302600, -19.573303, 1.000000)
vec4(0.527312, -2.302600, -19.387005, 1.000000)
vec4(0.453813, -2.302600, -19.203403, 1.000000)
vec4(0.373512, -2.302600, -19.022604, 1.000000)
vec4(0.286412, -2.302600, -18.845005, 1.000000)
vec4(0.192812, -2.302600, -18.670803, 1.000000)
vec4(0.092612, -2.302600, -18.500305, 1.000000)
vec4(-0.013788, -2.302600, -18.333605, 1.000000)
vec4(-0.126488, -2.302600, -18.171104, 1.000000)
vec4(-0.245188, -2.302600, -18.013004, 1.000000)
vec4(-0.369788, -2.302600, -17.859404, 1.000000)
vec4(-0.499988, -2.302600, -17.710604, 1.000000)
vec4(-0.635688, -2.302600, -17.566805, 1.000000)
vec4(-0.776788, -2.302600, -17.428204, 1.000000)
vec4(0.504812, -2.302600, -19.805504, 1.000000)
vec4(0.447113, -2.302600, -19.622404, 1.000000)
vec4(0.382613, -2.302600, -19.441605, 1.000000)
vec4(0.311313, -2.302600, -19.263405, 1.000000)
vec4(0.233412, -2.302600, -19.087904, 1.000000)
vec4(0.148912, -2.302600, -18.915604, 1.000000)
vec4(0.058012, -2.302600, -18.746504, 1.000000)
vec4(-0.039187, -2.302600, -18.581005, 1.000000)
vec4(-0.142588, -2.302600, -18.419205, 1.000000)
vec4(-0.251887, -2.302600, -18.261505, 1.000000)
vec4(-0.367087, -2.302600, -18.108004, 1.000000)
vec4(-0.487988, -2.302600, -17.958904, 1.000000)
vec4(-0.614388, -2.302600, -17.814505, 1.000000)
vec4(-0.746187, -2.302600, -17.674904, 1.000000)
vec4(-0.883088, -2.302600, -17.540403, 1.000000)
vec4(0.363513, -2.302600, -19.847004, 1.000000)
vec4(0.307512, -2.302600, -19.669205, 1.000000)
vec4(0.244812, -2.302600, -19.493605, 1.000000)
vec4(0.175612, -2.302600, -19.320503, 1.000000)
vec4(0.099913, -2.302600, -19.150105, 1.000000)
vec4(0.017912, -2.302600, -18.982704, 1.000000)
vec4(-0.070387, -2.302600, -18.818504, 1.000000)
vec4(-0.164787, -2.302600, -18.657703, 1.000000)
vec4(-0.265088, -2.302600, -18.500704, 1.000000)
vec4(-0.371287, -2.302600, -18.347504, 1.000000)
vec4(-0.483187, -2.302600, -18.198404, 1.000000)
vec4(-0.600588, -2.302600, -18.053604, 1.000000)
vec4(-0.723387, -2.302600, -17.913404, 1.000000)
vec4(-0.851288, -2.302600, -17.777803, 1.000000)
vec4(0.228912, -2.302600, -19.886505, 1.000000)
vec4(0.174412, -2.302600, -19.713804, 1.000000)
vec4(0.113513, -2.302600, -19.543104, 1.000000)
vec4(0.046312, -2.302600, -19.374905, 1.000000)
vec4(-0.027287, -2.302600, -19.209404, 1.000000)
vec4(-0.106987, -2.302600, -19.046703, 1.000000)
vec4(-0.192788, -2.302600, -18.887203, 1.000000)
vec4(-0.284488, -2.302600, -18.731005, 1.000000)
vec4(-0.381988, -2.302600, -18.578304, 1.000000)
vec4(-0.485188, -2.302600, -18.429504, 1.000000)
vec4(-0.593888, -2.302600, -18.284603, 1.000000)
vec4(-0.707988, -2.302600, -18.143904, 1.000000)
vec4(-0.827188, -2.302600, -18.007605, 1.000000)
vec4(0.100312, -2.302600, -19.924305, 1.000000)
vec4(0.047412, -2.302600, -19.756304, 1.000000)
vec4(-0.011787, -2.302600, -19.590405, 1.000000)
vec4(-0.077188, -2.302600, -19.426905, 1.000000)
vec4(-0.226188, -2.302600, -19.107803, 1.000000)
vec4(-0.148687, -2.302600, -19.266005, 1.000000)
vec4(-0.309587, -2.302600, -18.952703, 1.000000)
vec4(-0.398787, -2.302600, -18.800903, 1.000000)
vec4(-0.810388, -2.302600, -18.230204, 1.000000)
vec4(-0.493488, -2.302600, -18.652504, 1.000000)
vec4(-0.593888, -2.302600, -18.507805, 1.000000)
vec4(-0.699487, -2.302600, -18.366903, 1.000000)
vec4(-0.022687, -2.302600, -19.960403, 1.000000)
vec4(-0.074088, -2.302600, -19.797005, 1.000000)
vec4(-0.131688, -2.302600, -19.635704, 1.000000)
vec4(-0.195288, -2.302600, -19.476604, 1.000000)
vec4(-0.264788, -2.302600, -19.320105, 1.000000)
vec4(-0.340188, -2.302600, -19.166304, 1.000000)
vec4(-0.421288, -2.302600, -19.015404, 1.000000)
vec4(-0.507987, -2.302600, -18.867704, 1.000000)
vec4(-0.600188, -2.302600, -18.723404, 1.000000)
vec4(-0.697788, -2.302600, -18.582603, 1.000000)
vec4(-0.800488, -2.302600, -18.445604, 1.000000)
vec4(-0.190388, -2.302600, -19.836004, 1.000000)
vec4(-0.246387, -2.302600, -19.679005, 1.000000)
vec4(-0.308288, -2.302600, -19.524204, 1.000000)
vec4(-0.375887, -2.302600, -19.371904, 1.000000)
vec4(-0.449287, -2.302600, -19.222204, 1.000000)
vec4(-0.528188, -2.302600, -19.075405, 1.000000)
vec4(-0.612488, -2.302600, -18.931704, 1.000000)
vec4(-0.702287, -2.302600, -18.791204, 1.000000)
vec4(-0.797188, -2.302600, -18.654203, 1.000000)
vec4(-0.897187, -2.302600, -18.520905, 1.000000)
vec4(-0.301787, -2.302600, -19.873304, 1.000000)
vec4(-0.356287, -2.302600, -19.720505, 1.000000)
vec4(-0.416487, -2.302600, -19.569803, 1.000000)
vec4(-0.482388, -2.302600, -19.421505, 1.000000)
vec4(-0.553787, -2.302600, -19.275805, 1.000000)
vec4(-0.630588, -2.302600, -19.132904, 1.000000)
vec4(-0.712687, -2.302600, -18.992905, 1.000000)
vec4(-0.800087, -2.302600, -18.856205, 1.000000)
vec4(-0.892488, -2.302600, -18.722904, 1.000000)
vec4(-0.408688, -2.302600, -19.909103, 1.000000)
vec4(-0.654088, -2.302600, -19.327204, 1.000000)
vec4(-0.461688, -2.302600, -19.760204, 1.000000)
vec4(-0.728888, -2.302600, -19.188004, 1.000000)
vec4(-0.520387, -2.302600, -19.613504, 1.000000)
vec4(-0.808887, -2.302600, -19.051704, 1.000000)
vec4(-0.584487, -2.302600, -19.469105, 1.000000)
vec4(-0.893888, -2.302600, -18.918604, 1.000000)
vec4(-0.750387, -2.302600, -19.376604, 1.000000)
vec4(-0.823287, -2.302600, -19.241005, 1.000000)
vec4(-0.562988, -2.302600, -19.798504, 1.000000)
vec4(-0.901187, -2.302600, -19.108204, 1.000000)
vec4(-0.620188, -2.302600, -19.655504, 1.000000)
vec4(-0.682588, -2.302600, -19.514805, 1.000000)
vec4(-0.842988, -2.302600, -19.424004, 1.000000)
vec4(-0.660388, -2.302600, -19.835205, 1.000000)
vec4(-0.716088, -2.302600, -19.695904, 1.000000)
vec4(-0.776988, -2.302600, -19.558804, 1.000000)
