vec3(-5.333951, 0.000000, -18.641178)
vec4(-0.360651, -1.258700, -16.457279, 1.000000)
vec4(-0.492151, -1.298300, -16.567879, 1.000000)
vec4(-0.466051, -1.378900, -16.545979, 1.000000)
vec4(-0.461551, -1.454300, -16.542278, 1.000000)
vec4(-0.692251, -1.431800, -16.428078, 1.000000)
vec4(-0.457051, -1.530100, -16.538479, 1.000000)
vec4(-0.690051, -1.505800, -16.426178, 1.000000)
vec4(-0.452551, -1.606500, -16.534678, 1.000000)
vec4(-0.687851, -1.580200, -16.424278, 1.000000)
vec4(-0.447951, -1.683400, -16.530878, 1.000000)
vec4(-0.685651, -1.655100, -16.422277, 1.000000)
vec4(-0.443351, -1.761000, -16.527079, 1.000000)
vec4(-0.683451, -1.730600, -16.420378, 1.000000)
vec4(-0.438651, -1.839200, -16.523079, 1.000000)
vec4(-0.681251, -1.806600, -16.418379, 1.000000)
vec4(1.887149, -2.345900, -17.601978, 1.000000)
vec4(1.767349, -2.345900, -17.332678, 1.000000)
vec4(1.637549, -2.345900, -17.068077, 1.000000)
vec4(1.497849, -2.345900, -16.808477, 1.000000)
vec4(1.348549, -2.345900, -16.554379, 1.000000)
vec4(-0.433751, -1.918100, -16.519077, 1.000000)
vec4(-0.678651, -1.883200, -16.416079, 1.000000)
vec4(1.892149, -2.345900, -18.520178, 1.000000)
vec4(1.806949, -2.345900, -18.249977, 1.000000)
vec4(1.711649, -2.345900, -17.983177, 1.000000)
vec4(1.606349, -2.345900, -17.720179, 1.000000)
vec4(1.491249, -2.345900, -17.461378, 1.000000)
vec4(1.366449, -2.345900, -17.206978, 1.000000)
vec4(1.232249, -2.345900, -16.957579, 1.000000)
vec4(1.088749, -2.345900, -16.713379, 1.000000)
vec4(0.936149, -2.345900, -16.474777, 1.000000)
vec4(0.774749, -2.345900, -16.241978, 1.000000)
vec4(-0.428851, -1.997700, -16.514978, 1.000000)
vec4(-0.674551, -1.961100, -16.412378, 1.000000)
vec4(1.692049, -2.345900, -18.863079, 1.000000)
vec4(1.619849, -2.345900, -18.600079, 1.000000)
vec4(1.537849, -2.345900, -18.340078, 1.000000)
vec4(1.446149, -2.345900, -18.083378, 1.000000)
vec4(1.344849, -2.345900, -17.830278, 1.000000)
vec4(1.234049, -2.345900, -17.581179, 1.000000)
vec4(1.114049, -2.345900, -17.336378, 1.000000)
vec4(0.984849, -2.345900, -17.096378, 1.000000)
vec4(0.846749, -2.345900, -16.861378, 1.000000)
vec4(0.699949, -2.345900, -16.631779, 1.000000)
vec4(0.436149, -2.302600, -16.485878, 1.000000)
vec4(0.275549, -2.302600, -16.271978, 1.000000)
vec4(-0.423851, -2.078000, -16.510778, 1.000000)
vec4(-0.670451, -2.039700, -16.408577, 1.000000)
vec4(1.495049, -2.345900, -19.183878, 1.000000)
vec4(1.435149, -2.345900, -18.928078, 1.000000)
vec4(1.365549, -2.345900, -18.674778, 1.000000)
vec4(1.286549, -2.345900, -18.424278, 1.000000)
vec4(1.198149, -2.345900, -18.176878, 1.000000)
vec4(1.100549, -2.345900, -17.933079, 1.000000)
vec4(0.993849, -2.345900, -17.693077, 1.000000)
vec4(0.878249, -2.345900, -17.457277, 1.000000)
vec4(0.753849, -2.345900, -17.225979, 1.000000)
vec4(0.620749, -2.345900, -16.999578, 1.000000)
vec4(0.372149, -2.302600, -16.849579, 1.000000)
vec4(0.225249, -2.302600, -16.637779, 1.000000)
vec4(0.070449, -2.302600, -16.431679, 1.000000)
vec4(-0.418851, -2.159000, -16.506578, 1.000000)
vec4(-0.666251, -2.119000, -16.404879, 1.000000)
vec4(1.300849, -2.345900, -19.484379, 1.000000)
vec4(1.252349, -2.345900, -19.235678, 1.000000)
vec4(1.194549, -2.345900, -18.988977, 1.000000)
vec4(1.127549, -2.345900, -18.744678, 1.000000)
vec4(1.051349, -2.345900, -18.503078, 1.000000)
vec4(0.966149, -2.345900, -18.264479, 1.000000)
vec4(0.871949, -2.345900, -18.029379, 1.000000)
vec4(0.769049, -2.345900, -17.797878, 1.000000)
vec4(0.657549, -2.345900, -17.570478, 1.000000)
vec4(0.429249, -2.302600, -17.408178, 1.000000)
vec4(0.303349, -2.302600, -17.193779, 1.000000)
vec4(0.169449, -2.302600, -16.984278, 1.000000)
vec4(0.027749, -2.302600, -16.780079, 1.000000)
vec4(-0.121451, -2.302600, -16.581278, 1.000000)
vec4(-0.415151, -2.240200, -16.503479, 1.000000)
vec4(-0.662151, -2.198900, -16.401178, 1.000000)
vec4(1.071449, -2.345900, -19.524378, 1.000000)
vec4(1.024649, -2.345900, -19.284279, 1.000000)
vec4(0.968849, -2.345900, -19.046179, 1.000000)
vec4(0.904149, -2.345900, -18.810278, 1.000000)
vec4(0.830549, -2.345900, -18.576979, 1.000000)
vec4(0.748349, -2.345900, -18.346678, 1.000000)
vec4(0.657449, -2.345900, -18.119678, 1.000000)
vec4(0.558149, -2.345900, -17.896179, 1.000000)
vec4(0.343749, -2.302600, -17.731277, 1.000000)
vec4(0.230049, -2.302600, -17.519878, 1.000000)
vec4(0.108449, -2.302600, -17.312979, 1.000000)
vec4(-0.020751, -2.302600, -17.110678, 1.000000)
vec4(-0.157551, -2.302600, -16.913479, 1.000000)
vec4(-0.301651, -2.302600, -16.721579, 1.000000)
vec4(-0.452851, -2.302600, -16.535179, 1.000000)
vec4(-0.660651, -2.278400, -16.399878, 1.000000)
vec4(-0.775651, -2.302600, -16.180178, 1.000000)
vec4(0.855749, -2.345900, -19.562078, 1.000000)
vec4(0.810549, -2.345900, -19.330078, 1.000000)
vec4(0.756649, -2.345900, -19.099878, 1.000000)
vec4(0.694049, -2.345900, -18.871979, 1.000000)
vec4(0.623049, -2.345900, -18.646578, 1.000000)
vec4(0.435149, -2.302600, -18.464878, 1.000000)
vec4(0.348949, -2.302600, -18.249578, 1.000000)
vec4(0.254749, -2.302600, -18.037579, 1.000000)
vec4(0.152649, -2.302600, -17.829279, 1.000000)
vec4(0.042749, -2.302600, -17.625078, 1.000000)
vec4(-0.074751, -2.302600, -17.425077, 1.000000)
vec4(-0.199651, -2.302600, -17.229578, 1.000000)
vec4(-0.331751, -2.302600, -17.039078, 1.000000)
vec4(-0.471051, -2.302600, -16.853579, 1.000000)
vec4(-0.617151, -2.302600, -16.673477, 1.000000)
vec4(-0.769851, -2.302600, -16.498978, 1.000000)
vec4(-0.929051, -2.302600, -16.330378, 1.000000)
vec4(0.687749, -2.345900, -19.823378, 1.000000)
vec4(0.652449, -2.345900, -19.597479, 1.000000)
vec4(0.608749, -2.345900, -19.373077, 1.000000)
vec4(0.556549, -2.345900, -19.150578, 1.000000)
vec4(0.388549, -2.302600, -18.961678, 1.000000)
vec4(0.321149, -2.302600, -18.747679, 1.000000)
vec4(0.245649, -2.302600, -18.536379, 1.000000)
vec4(0.162349, -2.302600, -18.328077, 1.000000)
vec4(0.071249, -2.302600, -18.123077, 1.000000)
vec4(-0.027551, -2.302600, -17.921679, 1.000000)
vec4(-0.133751, -2.302600, -17.724079, 1.000000)
vec4(-0.247351, -2.302600, -17.530678, 1.000000)
vec4(-0.368151, -2.302600, -17.341679, 1.000000)
vec4(-0.496051, -2.302600, -17.157278, 1.000000)
vec4(-0.630651, -2.302600, -16.977978, 1.000000)
vec4(-0.771951, -2.302600, -16.803778, 1.000000)
vec4(-0.919751, -2.302600, -16.634979, 1.000000)
vec4(-1.073651, -2.302600, -16.471977, 1.000000)
vec4(0.387149, -2.302600, -19.864279, 1.000000)
vec4(0.353649, -2.302600, -19.649677, 1.000000)
vec4(0.312049, -2.302600, -19.436478, 1.000000)
vec4(0.262549, -2.302600, -19.224977, 1.000000)
vec4(0.205149, -2.302600, -19.015577, 1.000000)
vec4(0.139849, -2.302600, -18.808378, 1.000000)
vec4(0.066849, -2.302600, -18.603878, 1.000000)
vec4(-0.013851, -2.302600, -18.402279, 1.000000)
vec4(-0.102051, -2.302600, -18.203878, 1.000000)
vec4(-0.197651, -2.302600, -18.008879, 1.000000)
vec4(-0.300451, -2.302600, -17.817577, 1.000000)
vec4(-0.410451, -2.302600, -17.630379, 1.000000)
vec4(-0.527351, -2.302600, -17.447477, 1.000000)
vec4(-0.651051, -2.302600, -17.268978, 1.000000)
vec4(-0.781351, -2.302600, -17.095379, 1.000000)
vec4(-0.918151, -2.302600, -16.926779, 1.000000)
vec4(-1.061151, -2.302600, -16.763378, 1.000000)
vec4(-1.210251, -2.302600, -16.605577, 1.000000)
vec4(0.207849, -2.302600, -19.888678, 1.000000)
vec4(0.175449, -2.302600, -19.680779, 1.000000)
vec4(0.135149, -2.302600, -19.474178, 1.000000)
vec4(0.087249, -2.302600, -19.269379, 1.000000)
vec4(0.031549, -2.302600, -19.066479, 1.000000)
vec4(-0.031651, -2.302600, -18.865879, 1.000000)
vec4(-0.102351, -2.302600, -18.667778, 1.000000)
vec4(-0.180551, -2.302600, -18.472479, 1.000000)
vec4(-0.265951, -2.302600, -18.280178, 1.000000)
vec4(-0.358551, -2.302600, -18.091377, 1.000000)
vec4(-0.458151, -2.302600, -17.906078, 1.000000)
vec4(-0.564651, -2.302600, -17.724678, 1.000000)
vec4(-0.677951, -2.302600, -17.547478, 1.000000)
vec4(-0.797751, -2.302600, -17.374678, 1.000000)
vec4(-0.923951, -2.302600, -17.206478, 1.000000)
vec4(-1.056451, -2.302600, -17.043179, 1.000000)
vec4(-1.194951, -2.302600, -16.884878, 1.000000)
vec4(-1.339351, -2.302600, -16.731977, 1.000000)
vec4(0.037949, -2.302600, -19.911678, 1.000000)
vec4(0.006549, -2.302600, -19.710178, 1.000000)
vec4(-0.032451, -2.302600, -19.509977, 1.000000)
vec4(-0.078951, -2.302600, -19.311478, 1.000000)
vec4(-0.132851, -2.302600, -19.114779, 1.000000)
vec4(-0.194151, -2.302600, -18.920279, 1.000000)
vec4(-0.262751, -2.302600, -18.728279, 1.000000)
vec4(-0.338451, -2.302600, -18.538877, 1.000000)
vec4(-0.421251, -2.302600, -18.352577, 1.000000)
vec4(-0.510951, -2.302600, -18.169477, 1.000000)
vec4(-0.607551, -2.302600, -17.989878, 1.000000)
vec4(-0.710751, -2.302600, -17.814077, 1.000000)
vec4(-0.820551, -2.302600, -17.642279, 1.000000)
vec4(-0.936751, -2.302600, -17.474777, 1.000000)
vec4(-1.059051, -2.302600, -17.311678, 1.000000)
vec4(-1.187551, -2.302600, -17.153378, 1.000000)
vec4(-1.321751, -2.302600, -16.999977, 1.000000)
vec4(-1.461751, -2.302600, -16.851778, 1.000000)
vec4(-0.123251, -2.302600, -19.933678, 1.000000)
vec4(-0.153751, -2.302600, -19.738178, 1.000000)
vec4(-0.191551, -2.302600, -19.543978, 1.000000)
vec4(-0.236651, -2.302600, -19.351377, 1.000000)
vec4(-0.288951, -2.302600, -19.160578, 1.000000)
vec4(-0.348451, -2.302600, -18.971977, 1.000000)
vec4(-0.414851, -2.302600, -18.785679, 1.000000)
vec4(-0.488351, -2.302600, -18.602077, 1.000000)
vec4(-0.568651, -2.302600, -18.421278, 1.000000)
vec4(-0.655751, -2.302600, -18.243679, 1.000000)
vec4(-0.749351, -2.302600, -18.069477, 1.000000)
vec4(-0.849551, -2.302600, -17.898979, 1.000000)
vec4(-0.955951, -2.302600, -17.732279, 1.000000)
vec4(-1.068651, -2.302600, -17.569778, 1.000000)
vec4(-1.187351, -2.302600, -17.411678, 1.000000)
vec4(-1.311951, -2.302600, -17.258078, 1.000000)
vec4(-1.442151, -2.302600, -17.109278, 1.000000)
vec4(-1.577851, -2.302600, -16.965479, 1.000000)
vec4(-0.276551, -2.302600, -19.954477, 1.000000)
vec4(-0.306151, -2.302600, -19.764778, 1.000000)
vec4(-0.342851, -2.302600, -19.576279, 1.000000)
vec4(-0.386551, -2.302600, -19.389378, 1.000000)
vec4(-0.437351, -2.302600, -19.204178, 1.000000)
vec4(-0.495051, -2.302600, -19.021078, 1.000000)
vec4(-0.559551, -2.302600, -18.840279, 1.000000)
vec4(-0.630851, -2.302600, -18.662079, 1.000000)
vec4(-0.708751, -2.302600, -18.486578, 1.000000)
vec4(-0.793251, -2.302600, -18.314278, 1.000000)
vec4(-0.884151, -2.302600, -18.145178, 1.000000)
vec4(-0.981351, -2.302600, -17.979679, 1.000000)
vec4(-1.084751, -2.302600, -17.817879, 1.000000)
vec4(-1.194051, -2.302600, -17.660179, 1.000000)
vec4(-1.309251, -2.302600, -17.506678, 1.000000)
vec4(-1.430151, -2.302600, -17.357578, 1.000000)
vec4(-1.556551, -2.302600, -17.213179, 1.000000)
vec4(-1.688351, -2.302600, -17.073578, 1.000000)
vec4(-0.451151, -2.302600, -19.790077, 1.000000)
vec4(-0.486851, -2.302600, -19.607079, 1.000000)
vec4(-0.529351, -2.302600, -19.425478, 1.000000)
vec4(-0.578651, -2.302600, -19.245678, 1.000000)
vec4(-0.634651, -2.302600, -19.067879, 1.000000)
vec4(-0.697351, -2.302600, -18.892279, 1.000000)
vec4(-0.766551, -2.302600, -18.719177, 1.000000)
vec4(-0.842251, -2.302600, -18.548779, 1.000000)
vec4(-0.924251, -2.302600, -18.381378, 1.000000)
vec4(-1.012551, -2.302600, -18.217178, 1.000000)
vec4(-1.106951, -2.302600, -18.056377, 1.000000)
vec4(-1.207251, -2.302600, -17.899378, 1.000000)
vec4(-1.313451, -2.302600, -17.746178, 1.000000)
vec4(-1.425351, -2.302600, -17.597078, 1.000000)
vec4(-1.542751, -2.302600, -17.452278, 1.000000)
vec4(-1.665551, -2.302600, -17.312078, 1.000000)
vec4(-1.793451, -2.302600, -17.176477, 1.000000)
vec4(-0.589451, -2.302600, -19.814178, 1.000000)
vec4(-0.624151, -2.302600, -19.636377, 1.000000)
vec4(-0.665451, -2.302600, -19.459978, 1.000000)
vec4(-0.713251, -2.302600, -19.285179, 1.000000)
vec4(-0.767751, -2.302600, -19.112478, 1.000000)
vec4(-0.828651, -2.302600, -18.941778, 1.000000)
vec4(-0.895851, -2.302600, -18.773579, 1.000000)
vec4(-0.969451, -2.302600, -18.608078, 1.000000)
vec4(-1.049151, -2.302600, -18.445377, 1.000000)
vec4(-1.134951, -2.302600, -18.285877, 1.000000)
vec4(-1.226651, -2.302600, -18.129679, 1.000000)
vec4(-1.324151, -2.302600, -17.976978, 1.000000)
vec4(-1.427351, -2.302600, -17.828178, 1.000000)
vec4(-1.536051, -2.302600, -17.683277, 1.000000)
vec4(-1.650151, -2.302600, -17.542578, 1.000000)
vec4(-1.769351, -2.302600, -17.406279, 1.000000)
vec4(-0.721551, -2.302600, -19.837278, 1.000000)
vec4(-0.755151, -2.302600, -19.664377, 1.000000)
vec4(-0.795351, -2.302600, -19.492878, 1.000000)
vec4(-0.841851, -2.302600, -19.322979, 1.000000)
vec4(-0.894751, -2.302600, -19.154978, 1.000000)
vec4(-0.953951, -2.302600, -18.989079, 1.000000)
vec4(-1.019351, -2.302600, -18.825579, 1.000000)
vec4(-1.090851, -2.302600, -18.664679, 1.000000)
vec4(-1.168351, -2.302600, -18.506477, 1.000000)
vec4(-1.251751, -2.302600, -18.351377, 1.000000)
vec4(-1.340951, -2.302600, -18.199577, 1.000000)
vec4(-1.435651, -2.302600, -18.051178, 1.000000)
vec4(-1.536051, -2.302600, -17.906479, 1.000000)
vec4(-1.641651, -2.302600, -17.765577, 1.000000)
vec4(-1.752551, -2.302600, -17.628878, 1.000000)
vec4(-0.880451, -2.302600, -19.691078, 1.000000)
vec4(-0.919551, -2.302600, -19.524279, 1.000000)
vec4(-0.964851, -2.302600, -19.359077, 1.000000)
vec4(-1.016251, -2.302600, -19.195679, 1.000000)
vec4(-1.073851, -2.302600, -19.034378, 1.000000)
vec4(-1.137451, -2.302600, -18.875278, 1.000000)
vec4(-1.206951, -2.302600, -18.718779, 1.000000)
vec4(-1.282351, -2.302600, -18.564978, 1.000000)
vec4(-1.363451, -2.302600, -18.414078, 1.000000)
vec4(-1.450151, -2.302600, -18.266378, 1.000000)
vec4(-1.542351, -2.302600, -18.122078, 1.000000)
vec4(-1.639951, -2.302600, -17.981277, 1.000000)
vec4(-1.742651, -2.302600, -17.844278, 1.000000)
vec4(-1.000451, -2.302600, -19.716679, 1.000000)
vec4(-1.038351, -2.302600, -19.554379, 1.000000)
vec4(-1.082451, -2.302600, -19.393578, 1.000000)
vec4(-1.132551, -2.302600, -19.234678, 1.000000)
vec4(-1.188551, -2.302600, -19.077679, 1.000000)
vec4(-1.250451, -2.302600, -18.922878, 1.000000)
vec4(-1.318051, -2.302600, -18.770578, 1.000000)
vec4(-1.391451, -2.302600, -18.620878, 1.000000)
vec4(-1.470351, -2.302600, -18.474079, 1.000000)
vec4(-1.554651, -2.302600, -18.330378, 1.000000)
vec4(-1.644451, -2.302600, -18.189878, 1.000000)
vec4(-1.739351, -2.302600, -18.052877, 1.000000)
vec4(-1.839351, -2.302600, -17.919579, 1.000000)
vec4(-1.152251, -2.302600, -19.583279, 1.000000)
vec4(-1.195151, -2.302600, -19.426678, 1.000000)
vec4(-1.243951, -2.302600, -19.271978, 1.000000)
vec4(-1.298451, -2.302600, -19.119179, 1.000000)
vec4(-1.358651, -2.302600, -18.968477, 1.000000)
vec4(-1.424551, -2.302600, -18.820179, 1.000000)
vec4(-1.495951, -2.302600, -18.674479, 1.000000)
vec4(-1.572751, -2.302600, -18.531578, 1.000000)
vec4(-1.654851, -2.302600, -18.391579, 1.000000)
vec4(-1.742251, -2.302600, -18.254879, 1.000000)
vec4(-1.834651, -2.302600, -18.121578, 1.000000)
vec4(-1.303351, -2.302600, -19.458479, 1.000000)
vec4(-1.350851, -2.302600, -19.307777, 1.000000)
vec4(-1.403851, -2.302600, -19.158878, 1.000000)
vec4(-1.596251, -2.302600, -18.725878, 1.000000)
vec4(-1.462551, -2.302600, -19.012178, 1.000000)
vec4(-1.671051, -2.302600, -18.586678, 1.000000)
vec4(-1.526651, -2.302600, -18.867779, 1.000000)
vec4(-1.751051, -2.302600, -18.450378, 1.000000)
vec4(-1.836051, -2.302600, -18.317278, 1.000000)
vec4(-1.453451, -2.302600, -19.342178, 1.000000)
vec4(-1.692551, -2.302600, -18.775278, 1.000000)
vec4(-1.505151, -2.302600, -19.197178, 1.000000)
vec4(-1.765451, -2.302600, -18.639679, 1.000000)
vec4(-1.562351, -2.302600, -19.054178, 1.000000)
vec4(-1.843351, -2.302600, -18.506878, 1.000000)
vec4(-1.624751, -2.302600, -18.913479, 1.000000)
vec4(-1.785151, -2.302600, -18.822678, 1.000000)
vec4(-1.658251, -2.302600, -19.094578, 1.000000)
vec4(-1.719151, -2.302600, -18.957478, 1.000000)
