vec3(-5.744309, 0.000000, -18.403206)
vec4(1.621891, -1.309900, -18.240705, 1.000000)
vec4(1.642291, -1.329200, -17.929306, 1.000000)
vec4(1.650990, -1.348800, -17.612906, 1.000000)
vec4(1.621090, -1.383000, -18.538805, 1.000000)
vec4(1.621891, -1.397600, -18.240705, 1.000000)
vec4(1.643491, -1.418500, -17.928905, 1.000000)
vec4(1.650190, -1.439000, -17.613205, 1.000000)
vec4(1.621090, -1.470200, -18.538805, 1.000000)
vec4(1.621891, -1.485700, -18.240807, 1.000000)
vec4(1.643491, -1.507900, -17.929007, 1.000000)
vec4(1.647491, -1.529100, -17.614206, 1.000000)
vec4(1.647691, -1.552400, -17.291706, 1.000000)
vec4(1.621090, -1.557700, -18.538906, 1.000000)
vec4(1.621891, -1.574100, -18.240807, 1.000000)
vec4(1.643491, -1.597600, -17.929007, 1.000000)
vec4(1.644791, -1.619500, -17.615307, 1.000000)
vec4(1.644891, -1.644200, -17.292906, 1.000000)
vec4(1.620291, -1.631000, -18.831306, 1.000000)
vec4(1.621090, -1.645700, -18.538906, 1.000000)
vec4(1.621891, -1.663000, -18.240807, 1.000000)
vec4(1.641790, -1.687400, -17.929605, 1.000000)
vec4(1.641991, -1.710300, -17.616405, 1.000000)
vec4(1.642091, -1.736300, -17.294106, 1.000000)
vec4(1.620291, -1.718600, -18.831306, 1.000000)
vec4(1.621090, -1.734000, -18.538906, 1.000000)
vec4(1.621891, -1.752200, -18.240906, 1.000000)
vec4(1.639091, -1.777300, -17.930506, 1.000000)
vec4(1.639291, -1.801400, -17.617405, 1.000000)
vec4(1.639291, -1.828800, -17.295406, 1.000000)
vec4(1.620291, -1.806600, -18.831306, 1.000000)
vec4(1.621090, -1.822800, -18.539005, 1.000000)
vec4(1.621891, -1.842000, -18.240906, 1.000000)
vec4(1.636391, -1.867700, -17.931505, 1.000000)
vec4(1.636490, -1.893000, -17.618505, 1.000000)
vec4(1.636490, -1.921700, -17.296606, 1.000000)
vec4(1.625191, -1.951200, -16.969606, 1.000000)
vec4(1.620291, -1.895100, -18.831406, 1.000000)
vec4(1.621090, -1.912100, -18.539005, 1.000000)
vec4(1.621891, -1.932200, -18.240906, 1.000000)
vec4(1.633591, -1.958400, -17.932405, 1.000000)
vec4(1.633690, -1.984900, -17.619606, 1.000000)
vec4(1.633591, -2.015000, -17.297806, 1.000000)
vec4(1.625191, -2.046700, -16.969606, 1.000000)
vec4(1.620291, -1.984100, -18.831406, 1.000000)
vec4(1.621090, -2.001900, -18.539005, 1.000000)
vec4(1.621891, -2.022900, -18.241005, 1.000000)
vec4(1.630890, -2.049600, -17.933407, 1.000000)
vec4(1.630890, -2.077300, -17.620707, 1.000000)
vec4(1.630791, -2.108800, -17.299107, 1.000000)
vec4(1.625191, -2.142800, -16.969606, 1.000000)
vec4(1.619591, -2.058200, -19.119106, 1.000000)
vec4(1.620291, -2.073600, -18.831406, 1.000000)
vec4(1.621090, -2.092200, -18.539106, 1.000000)
vec4(1.621891, -2.114100, -18.241005, 1.000000)
vec4(1.628090, -2.141200, -17.934406, 1.000000)
vec4(1.628090, -2.170200, -17.621805, 1.000000)
vec4(1.627891, -2.203100, -17.300306, 1.000000)
vec4(1.625191, -2.239400, -16.969706, 1.000000)
vec4(1.619591, -2.147600, -19.119106, 1.000000)
vec4(1.620291, -2.163600, -18.831507, 1.000000)
vec4(1.621090, -2.183100, -18.539106, 1.000000)
vec4(1.621891, -2.206000, -18.241005, 1.000000)
vec4(1.625290, -2.233300, -17.935307, 1.000000)
vec4(1.625191, -2.263500, -17.622906, 1.000000)
vec4(1.624990, -2.297800, -17.301506, 1.000000)
vec4(1.654391, -2.345900, -16.956106, 1.000000)
vec4(-0.849010, -1.839200, -16.285107, 1.000000)
vec4(1.619591, -2.237600, -19.119205, 1.000000)
vec4(1.620291, -2.254300, -18.831507, 1.000000)
vec4(1.621090, -2.274500, -18.539106, 1.000000)
vec4(1.621891, -2.298300, -18.241106, 1.000000)
vec4(1.685591, -2.345900, -17.915207, 1.000000)
vec4(1.586290, -2.345900, -17.637606, 1.000000)
vec4(1.476790, -2.345900, -17.364006, 1.000000)
vec4(1.356990, -2.345900, -17.094706, 1.000000)
vec4(1.227190, -2.345900, -16.830105, 1.000000)
vec4(1.087491, -2.345900, -16.570505, 1.000000)
vec4(0.938190, -2.345900, -16.316406, 1.000000)
vec4(-0.844110, -1.918100, -16.281105, 1.000000)
vec4(1.621490, -2.345900, -18.831306, 1.000000)
vec4(1.556890, -2.345900, -18.555407, 1.000000)
vec4(1.481791, -2.345900, -18.282206, 1.000000)
vec4(1.396591, -2.345900, -18.012005, 1.000000)
vec4(1.301291, -2.345900, -17.745205, 1.000000)
vec4(1.195991, -2.345900, -17.482206, 1.000000)
vec4(1.080891, -2.345900, -17.223406, 1.000000)
vec4(0.956090, -2.345900, -16.969006, 1.000000)
vec4(0.821890, -2.345900, -16.719606, 1.000000)
vec4(0.678391, -2.345900, -16.475407, 1.000000)
vec4(0.525791, -2.345900, -16.236805, 1.000000)
vec4(-0.839210, -1.997700, -16.277006, 1.000000)
vec4(1.396091, -2.345900, -19.158205, 1.000000)
vec4(1.343891, -2.345900, -18.890507, 1.000000)
vec4(1.281691, -2.345900, -18.625107, 1.000000)
vec4(1.209491, -2.345900, -18.362106, 1.000000)
vec4(1.127491, -2.345900, -18.102106, 1.000000)
vec4(1.035790, -2.345900, -17.845406, 1.000000)
vec4(0.934491, -2.345900, -17.592306, 1.000000)
vec4(0.823690, -2.345900, -17.343206, 1.000000)
vec4(0.703691, -2.345900, -17.098406, 1.000000)
vec4(0.574491, -2.345900, -16.858406, 1.000000)
vec4(0.436390, -2.345900, -16.623405, 1.000000)
vec4(0.289590, -2.345900, -16.393806, 1.000000)
vec4(0.025791, -2.302600, -16.247906, 1.000000)
vec4(-0.134809, -2.302600, -16.034006, 1.000000)
vec4(-0.834209, -2.078000, -16.272806, 1.000000)
vec4(1.175591, -2.345900, -19.463306, 1.000000)
vec4(1.134991, -2.345900, -19.203707, 1.000000)
vec4(1.084691, -2.345900, -18.945906, 1.000000)
vec4(1.024791, -2.345900, -18.690105, 1.000000)
vec4(0.955191, -2.345900, -18.436806, 1.000000)
vec4(0.876191, -2.345900, -18.186306, 1.000000)
vec4(0.787791, -2.345900, -17.938906, 1.000000)
vec4(0.690191, -2.345900, -17.695107, 1.000000)
vec4(0.583490, -2.345900, -17.455105, 1.000000)
vec4(0.467891, -2.345900, -17.219305, 1.000000)
vec4(0.343491, -2.345900, -16.988007, 1.000000)
vec4(0.210391, -2.345900, -16.761606, 1.000000)
vec4(-0.038209, -2.302600, -16.611607, 1.000000)
vec4(-0.185110, -2.302600, -16.399807, 1.000000)
vec4(-0.339910, -2.302600, -16.193707, 1.000000)
vec4(-0.829209, -2.159000, -16.268606, 1.000000)
vec4(0.959291, -2.345900, -19.748405, 1.000000)
vec4(0.929591, -2.345900, -19.496706, 1.000000)
vec4(0.890491, -2.345900, -19.246407, 1.000000)
vec4(0.841990, -2.345900, -18.997705, 1.000000)
vec4(0.784191, -2.345900, -18.751005, 1.000000)
vec4(0.717191, -2.345900, -18.506706, 1.000000)
vec4(0.640991, -2.345900, -18.265106, 1.000000)
vec4(0.555790, -2.345900, -18.026506, 1.000000)
vec4(0.461591, -2.345900, -17.791407, 1.000000)
vec4(0.358691, -2.345900, -17.559906, 1.000000)
vec4(0.247190, -2.345900, -17.332506, 1.000000)
vec4(0.018890, -2.302600, -17.170206, 1.000000)
vec4(-0.107009, -2.302600, -16.955807, 1.000000)
vec4(-0.240910, -2.302600, -16.746305, 1.000000)
vec4(-0.382609, -2.302600, -16.542107, 1.000000)
vec4(-0.531809, -2.302600, -16.343306, 1.000000)
vec4(-0.825510, -2.240200, -16.265507, 1.000000)
vec4(0.727490, -2.345900, -19.771107, 1.000000)
vec4(0.698891, -2.345900, -19.528107, 1.000000)
vec4(0.661090, -2.345900, -19.286406, 1.000000)
vec4(0.614291, -2.345900, -19.046307, 1.000000)
vec4(0.558491, -2.345900, -18.808207, 1.000000)
vec4(0.493791, -2.345900, -18.572306, 1.000000)
vec4(0.420191, -2.345900, -18.339006, 1.000000)
vec4(0.337991, -2.345900, -18.108706, 1.000000)
vec4(0.247090, -2.345900, -17.881706, 1.000000)
vec4(0.147790, -2.345900, -17.658207, 1.000000)
vec4(-0.066609, -2.302600, -17.493305, 1.000000)
vec4(-0.180309, -2.302600, -17.281906, 1.000000)
vec4(-0.301909, -2.302600, -17.075006, 1.000000)
vec4(-0.431109, -2.302600, -16.872705, 1.000000)
vec4(-0.567909, -2.302600, -16.675507, 1.000000)
vec4(-0.712009, -2.302600, -16.483606, 1.000000)
vec4(-0.863209, -2.302600, -16.297207, 1.000000)
vec4(0.509490, -2.345900, -19.792406, 1.000000)
vec4(0.481891, -2.345900, -19.557606, 1.000000)
vec4(0.445391, -2.345900, -19.324106, 1.000000)
vec4(0.400190, -2.345900, -19.092106, 1.000000)
vec4(0.346291, -2.345900, -18.861906, 1.000000)
vec4(0.283690, -2.345900, -18.634007, 1.000000)
vec4(0.212690, -2.345900, -18.408606, 1.000000)
vec4(0.024791, -2.302600, -18.226906, 1.000000)
vec4(-0.061409, -2.302600, -18.011606, 1.000000)
vec4(-0.155610, -2.302600, -17.799606, 1.000000)
vec4(-0.257710, -2.302600, -17.591307, 1.000000)
vec4(-0.367610, -2.302600, -17.387106, 1.000000)
vec4(-0.485109, -2.302600, -17.187105, 1.000000)
vec4(-0.610009, -2.302600, -16.991606, 1.000000)
vec4(-0.742109, -2.302600, -16.801105, 1.000000)
vec4(-0.881410, -2.302600, -16.615606, 1.000000)
vec4(-1.027509, -2.302600, -16.435505, 1.000000)
vec4(0.304090, -2.345900, -19.812506, 1.000000)
vec4(0.277390, -2.345900, -19.585405, 1.000000)
vec4(0.242091, -2.345900, -19.359507, 1.000000)
vec4(0.198390, -2.345900, -19.135105, 1.000000)
vec4(0.146191, -2.345900, -18.912605, 1.000000)
vec4(-0.021810, -2.302600, -18.723705, 1.000000)
vec4(-0.089210, -2.302600, -18.509706, 1.000000)
vec4(-0.164710, -2.302600, -18.298407, 1.000000)
vec4(-0.248009, -2.302600, -18.090105, 1.000000)
vec4(-0.339109, -2.302600, -17.885105, 1.000000)
vec4(-0.437910, -2.302600, -17.683706, 1.000000)
vec4(-0.544109, -2.302600, -17.486107, 1.000000)
vec4(-0.657710, -2.302600, -17.292706, 1.000000)
vec4(-0.778510, -2.302600, -17.103706, 1.000000)
vec4(-0.906409, -2.302600, -16.919306, 1.000000)
vec4(-1.041009, -2.302600, -16.740005, 1.000000)
vec4(-1.182310, -2.302600, -16.565805, 1.000000)
vec4(0.002191, -2.302600, -19.842007, 1.000000)
vec4(-0.023210, -2.302600, -19.626307, 1.000000)
vec4(-0.056709, -2.302600, -19.411705, 1.000000)
vec4(-0.098310, -2.302600, -19.198505, 1.000000)
vec4(-0.147810, -2.302600, -18.987005, 1.000000)
vec4(-0.205209, -2.302600, -18.777605, 1.000000)
vec4(-0.270509, -2.302600, -18.570406, 1.000000)
vec4(-0.343509, -2.302600, -18.365906, 1.000000)
vec4(-0.424210, -2.302600, -18.164307, 1.000000)
vec4(-0.512409, -2.302600, -17.965906, 1.000000)
vec4(-0.608009, -2.302600, -17.770906, 1.000000)
vec4(-0.710809, -2.302600, -17.579605, 1.000000)
vec4(-0.820809, -2.302600, -17.392406, 1.000000)
vec4(-0.937709, -2.302600, -17.209505, 1.000000)
vec4(-1.061409, -2.302600, -17.031006, 1.000000)
vec4(-1.191710, -2.302600, -16.857407, 1.000000)
vec4(-1.328509, -2.302600, -16.688807, 1.000000)
vec4(-0.177909, -2.302600, -19.859606, 1.000000)
vec4(-0.202509, -2.302600, -19.650705, 1.000000)
vec4(-0.234910, -2.302600, -19.442806, 1.000000)
vec4(-0.275209, -2.302600, -19.236206, 1.000000)
vec4(-0.323110, -2.302600, -19.031406, 1.000000)
vec4(-0.378809, -2.302600, -18.828506, 1.000000)
vec4(-0.442009, -2.302600, -18.627907, 1.000000)
vec4(-0.512710, -2.302600, -18.429806, 1.000000)
vec4(-0.590909, -2.302600, -18.234507, 1.000000)
vec4(-0.676310, -2.302600, -18.042206, 1.000000)
vec4(-0.768909, -2.302600, -17.853405, 1.000000)
vec4(-0.868509, -2.302600, -17.668106, 1.000000)
vec4(-0.975009, -2.302600, -17.486706, 1.000000)
vec4(-1.088309, -2.302600, -17.309505, 1.000000)
vec4(-1.208109, -2.302600, -17.136705, 1.000000)
vec4(-1.334310, -2.302600, -16.968506, 1.000000)
vec4(-1.466809, -2.302600, -16.805206, 1.000000)
vec4(-0.348509, -2.302600, -19.876307, 1.000000)
vec4(-0.372409, -2.302600, -19.673706, 1.000000)
vec4(-0.403810, -2.302600, -19.472206, 1.000000)
vec4(-0.442810, -2.302600, -19.272005, 1.000000)
vec4(-0.489309, -2.302600, -19.073505, 1.000000)
vec4(-0.543210, -2.302600, -18.876806, 1.000000)
vec4(-0.604509, -2.302600, -18.682306, 1.000000)
vec4(-0.673110, -2.302600, -18.490307, 1.000000)
vec4(-0.748809, -2.302600, -18.300905, 1.000000)
vec4(-0.831609, -2.302600, -18.114605, 1.000000)
vec4(-0.921309, -2.302600, -17.931505, 1.000000)
vec4(-1.017910, -2.302600, -17.751905, 1.000000)
vec4(-1.121109, -2.302600, -17.576105, 1.000000)
vec4(-1.230909, -2.302600, -17.404306, 1.000000)
vec4(-1.347109, -2.302600, -17.236805, 1.000000)
vec4(-1.469409, -2.302600, -17.073706, 1.000000)
vec4(-1.597909, -2.302600, -16.915405, 1.000000)
vec4(-0.510509, -2.302600, -19.892105, 1.000000)
vec4(-0.533609, -2.302600, -19.695705, 1.000000)
vec4(-0.564109, -2.302600, -19.500206, 1.000000)
vec4(-0.601910, -2.302600, -19.306005, 1.000000)
vec4(-0.647009, -2.302600, -19.113405, 1.000000)
vec4(-0.699309, -2.302600, -18.922606, 1.000000)
vec4(-0.758810, -2.302600, -18.734005, 1.000000)
vec4(-0.825210, -2.302600, -18.547707, 1.000000)
vec4(-0.898709, -2.302600, -18.364105, 1.000000)
vec4(-0.979010, -2.302600, -18.183306, 1.000000)
vec4(-1.066110, -2.302600, -18.005707, 1.000000)
vec4(-1.159709, -2.302600, -17.831505, 1.000000)
vec4(-1.259910, -2.302600, -17.661007, 1.000000)
vec4(-1.366310, -2.302600, -17.494307, 1.000000)
vec4(-1.479010, -2.302600, -17.331806, 1.000000)
vec4(-1.597710, -2.302600, -17.173706, 1.000000)
vec4(-1.722310, -2.302600, -17.020105, 1.000000)
vec4(-0.686909, -2.302600, -19.716505, 1.000000)
vec4(-0.716509, -2.302600, -19.526806, 1.000000)
vec4(-0.753210, -2.302600, -19.338306, 1.000000)
vec4(-0.796909, -2.302600, -19.151405, 1.000000)
vec4(-0.847710, -2.302600, -18.966206, 1.000000)
vec4(-0.905409, -2.302600, -18.783106, 1.000000)
vec4(-0.969909, -2.302600, -18.602306, 1.000000)
vec4(-1.041209, -2.302600, -18.424107, 1.000000)
vec4(-1.119110, -2.302600, -18.248606, 1.000000)
vec4(-1.203609, -2.302600, -18.076305, 1.000000)
vec4(-1.294509, -2.302600, -17.907206, 1.000000)
vec4(-1.391709, -2.302600, -17.741707, 1.000000)
vec4(-1.495110, -2.302600, -17.579906, 1.000000)
vec4(-1.604409, -2.302600, -17.422207, 1.000000)
vec4(-1.719609, -2.302600, -17.268705, 1.000000)
vec4(-0.832809, -2.302600, -19.736305, 1.000000)
vec4(-0.861509, -2.302600, -19.552105, 1.000000)
vec4(-0.897210, -2.302600, -19.369106, 1.000000)
vec4(-0.939710, -2.302600, -19.187506, 1.000000)
vec4(-0.989009, -2.302600, -19.007706, 1.000000)
vec4(-1.045010, -2.302600, -18.829906, 1.000000)
vec4(-1.107709, -2.302600, -18.654306, 1.000000)
vec4(-1.176909, -2.302600, -18.481205, 1.000000)
vec4(-1.252609, -2.302600, -18.310806, 1.000000)
vec4(-1.334610, -2.302600, -18.143406, 1.000000)
vec4(-1.422909, -2.302600, -17.979206, 1.000000)
vec4(-1.517309, -2.302600, -17.818405, 1.000000)
vec4(-1.617610, -2.302600, -17.661406, 1.000000)
vec4(-1.723809, -2.302600, -17.508205, 1.000000)
vec4(-1.835709, -2.302600, -17.359106, 1.000000)
vec4(-0.999809, -2.302600, -19.576206, 1.000000)
vec4(-1.034510, -2.302600, -19.398405, 1.000000)
vec4(-1.075809, -2.302600, -19.222006, 1.000000)
vec4(-1.123610, -2.302600, -19.047207, 1.000000)
vec4(-1.178110, -2.302600, -18.874506, 1.000000)
vec4(-1.239009, -2.302600, -18.703806, 1.000000)
vec4(-1.306210, -2.302600, -18.535606, 1.000000)
vec4(-1.379809, -2.302600, -18.370106, 1.000000)
vec4(-1.459509, -2.302600, -18.207405, 1.000000)
vec4(-1.545310, -2.302600, -18.047905, 1.000000)
vec4(-1.637010, -2.302600, -17.891706, 1.000000)
vec4(-1.734509, -2.302600, -17.739006, 1.000000)
vec4(-1.837709, -2.302600, -17.590206, 1.000000)
vec4(-1.131909, -2.302600, -19.599306, 1.000000)
vec4(-1.165509, -2.302600, -19.426405, 1.000000)
vec4(-1.205709, -2.302600, -19.254906, 1.000000)
vec4(-1.252210, -2.302600, -19.085007, 1.000000)
vec4(-1.305110, -2.302600, -18.917006, 1.000000)
vec4(-1.364309, -2.302600, -18.751106, 1.000000)
vec4(-1.429709, -2.302600, -18.587606, 1.000000)
vec4(-1.501209, -2.302600, -18.426706, 1.000000)
vec4(-1.578710, -2.302600, -18.268505, 1.000000)
vec4(-1.662109, -2.302600, -18.113405, 1.000000)
vec4(-1.751309, -2.302600, -17.961605, 1.000000)
vec4(-1.846009, -2.302600, -17.813206, 1.000000)
vec4(-1.946409, -2.302600, -17.668507, 1.000000)
vec4(-1.290810, -2.302600, -19.453106, 1.000000)
vec4(-1.329909, -2.302600, -19.286306, 1.000000)
vec4(-1.375209, -2.302600, -19.121105, 1.000000)
vec4(-1.426610, -2.302600, -18.957706, 1.000000)
vec4(-1.484210, -2.302600, -18.796406, 1.000000)
vec4(-1.547810, -2.302600, -18.637306, 1.000000)
vec4(-1.617310, -2.302600, -18.480806, 1.000000)
vec4(-1.692709, -2.302600, -18.327005, 1.000000)
vec4(-1.773809, -2.302600, -18.176105, 1.000000)
vec4(-1.860509, -2.302600, -18.028406, 1.000000)
vec4(-1.952709, -2.302600, -17.884106, 1.000000)
vec4(-1.448709, -2.302600, -19.316406, 1.000000)
vec4(-1.492809, -2.302600, -19.155605, 1.000000)
vec4(-1.542910, -2.302600, -18.996706, 1.000000)
vec4(-1.598909, -2.302600, -18.839706, 1.000000)
vec4(-1.660810, -2.302600, -18.684906, 1.000000)
vec4(-1.801809, -2.302600, -18.382906, 1.000000)
vec4(-1.728409, -2.302600, -18.532606, 1.000000)
vec4(-1.880709, -2.302600, -18.236107, 1.000000)
vec4(-1.965009, -2.302600, -18.092405, 1.000000)
vec4(-1.654309, -2.302600, -19.034006, 1.000000)
vec4(-1.708809, -2.302600, -18.881207, 1.000000)
vec4(-1.769009, -2.302600, -18.730505, 1.000000)
vec4(-1.906309, -2.302600, -18.436506, 1.000000)
vec4(-1.834909, -2.302600, -18.582207, 1.000000)
