vec3(-6.846207, 0.000000, -17.841703)
vec4(0.518394, -0.522200, -18.269403, 1.000000)
vec4(0.519193, -0.527000, -17.977003, 1.000000)
vec4(0.519993, -0.532600, -17.678904, 1.000000)
vec4(0.517694, -0.601600, -18.557104, 1.000000)
vec4(0.518394, -0.606100, -18.269403, 1.000000)
vec4(0.519193, -0.611600, -17.977003, 1.000000)
vec4(0.519993, -0.618100, -17.678904, 1.000000)
vec4(0.525293, -0.626000, -17.372604, 1.000000)
vec4(0.520893, -0.681200, -18.840403, 1.000000)
vec4(0.517694, -0.685000, -18.557104, 1.000000)
vec4(0.518394, -0.690200, -18.269403, 1.000000)
vec4(0.519193, -0.696500, -17.977003, 1.000000)
vec4(0.519993, -0.703800, -17.679003, 1.000000)
vec4(0.527194, -0.713000, -17.372004, 1.000000)
vec4(0.536093, -0.723600, -17.056004, 1.000000)
vec4(0.520893, -0.764400, -18.840504, 1.000000)
vec4(0.517694, -0.768600, -18.557104, 1.000000)
vec4(0.518394, -0.774400, -18.269503, 1.000000)
vec4(0.519193, -0.781500, -17.977104, 1.000000)
vec4(0.519993, -0.789700, -17.679003, 1.000000)
vec4(0.528993, -0.800200, -17.371403, 1.000000)
vec4(0.537893, -0.812100, -17.055403, 1.000000)
vec4(0.516193, -0.843400, -19.121902, 1.000000)
vec4(0.520893, -0.847800, -18.840504, 1.000000)
vec4(0.517694, -0.852400, -18.557203, 1.000000)
vec4(0.518394, -0.858900, -18.269503, 1.000000)
vec4(0.519193, -0.866600, -17.977104, 1.000000)
vec4(0.519993, -0.875800, -17.679003, 1.000000)
vec4(0.530893, -0.887600, -17.370804, 1.000000)
vec4(0.539793, -0.900800, -17.054703, 1.000000)
vec4(0.516193, -0.926500, -19.122004, 1.000000)
vec4(0.520893, -0.931300, -18.840504, 1.000000)
vec4(0.517694, -0.936500, -18.557203, 1.000000)
vec4(0.518394, -0.943500, -18.269503, 1.000000)
vec4(0.519193, -0.952000, -17.977104, 1.000000)
vec4(0.519993, -0.962100, -17.679104, 1.000000)
vec4(0.532794, -0.975300, -17.370203, 1.000000)
vec4(0.541594, -0.989800, -17.054003, 1.000000)
vec4(0.542693, -1.005000, -16.731304, 1.000000)
vec4(0.516193, -1.009900, -19.122004, 1.000000)
vec4(0.520893, -1.015100, -18.840504, 1.000000)
vec4(0.517694, -1.020700, -18.557203, 1.000000)
vec4(0.518394, -1.028400, -18.269503, 1.000000)
vec4(0.519193, -1.037700, -17.977203, 1.000000)
vec4(0.519993, -1.048600, -17.679104, 1.000000)
vec4(0.534693, -1.063300, -17.369604, 1.000000)
vec4(0.543493, -1.079000, -17.053404, 1.000000)
vec4(0.544593, -1.095600, -16.730503, 1.000000)
vec4(0.515493, -1.090100, -19.400803, 1.000000)
vec4(0.516193, -1.093600, -19.122004, 1.000000)
vec4(0.520893, -1.099200, -18.840603, 1.000000)
vec4(0.517694, -1.105200, -18.557304, 1.000000)
vec4(0.518394, -1.113500, -18.269604, 1.000000)
vec4(0.519193, -1.123600, -17.977203, 1.000000)
vec4(0.519993, -1.135400, -17.679104, 1.000000)
vec4(0.536593, -1.151600, -17.369003, 1.000000)
vec4(0.545293, -1.168600, -17.052704, 1.000000)
vec4(0.546494, -1.186600, -16.729803, 1.000000)
vec4(0.515493, -1.173800, -19.400904, 1.000000)
vec4(0.516193, -1.177500, -19.122103, 1.000000)
vec4(0.520893, -1.183500, -18.840603, 1.000000)
vec4(0.517694, -1.190000, -18.557304, 1.000000)
vec4(0.518394, -1.199000, -18.269604, 1.000000)
vec4(0.519193, -1.209700, -17.977203, 1.000000)
vec4(0.519993, -1.222500, -17.679203, 1.000000)
vec4(0.538493, -1.240200, -17.368404, 1.000000)
vec4(0.547194, -1.258600, -17.052004, 1.000000)
vec4(0.548393, -1.277900, -16.729004, 1.000000)
vec4(0.521293, -1.258700, -19.400503, 1.000000)
vec4(0.521793, -1.262600, -19.121504, 1.000000)
vec4(0.520893, -1.268100, -18.840603, 1.000000)
vec4(0.517694, -1.275100, -18.557304, 1.000000)
vec4(0.518394, -1.284700, -18.269604, 1.000000)
vec4(0.519193, -1.296200, -17.977303, 1.000000)
vec4(0.519993, -1.309900, -17.679203, 1.000000)
vec4(0.540393, -1.329200, -17.367804, 1.000000)
vec4(0.549093, -1.348800, -17.051403, 1.000000)
vec4(0.550293, -1.369600, -16.728304, 1.000000)
vec4(0.537093, -1.390200, -16.401403, 1.000000)
vec4(0.517393, -1.342300, -19.400803, 1.000000)
vec4(0.517893, -1.346500, -19.122004, 1.000000)
vec4(0.518293, -1.352600, -18.841003, 1.000000)
vec4(0.517694, -1.360500, -18.557304, 1.000000)
vec4(0.518394, -1.370700, -18.269703, 1.000000)
vec4(0.519193, -1.383000, -17.977303, 1.000000)
vec4(0.519993, -1.397600, -17.679203, 1.000000)
vec4(0.541594, -1.418500, -17.367403, 1.000000)
vec4(0.548293, -1.439000, -17.051704, 1.000000)
vec4(0.548594, -1.460900, -16.729004, 1.000000)
vec4(0.534493, -1.482800, -16.402704, 1.000000)
vec4(0.515493, -1.426600, -19.401003, 1.000000)
vec4(0.516193, -1.431100, -19.122103, 1.000000)
vec4(0.516994, -1.437600, -18.841204, 1.000000)
vec4(0.517694, -1.446300, -18.557404, 1.000000)
vec4(0.518394, -1.457100, -18.269703, 1.000000)
vec4(0.519193, -1.470200, -17.977303, 1.000000)
vec4(0.519993, -1.485700, -17.679304, 1.000000)
vec4(0.541594, -1.507900, -17.367504, 1.000000)
vec4(0.545593, -1.529100, -17.052704, 1.000000)
vec4(0.545794, -1.552400, -16.730204, 1.000000)
vec4(0.531793, -1.575600, -16.403904, 1.000000)
vec4(0.514793, -1.509000, -19.678404, 1.000000)
vec4(0.515493, -1.511500, -19.401003, 1.000000)
vec4(0.516193, -1.516300, -19.122204, 1.000000)
vec4(0.516994, -1.523200, -18.841303, 1.000000)
vec4(0.517694, -1.532400, -18.557404, 1.000000)
vec4(0.518394, -1.543900, -18.269703, 1.000000)
vec4(0.519193, -1.557700, -17.977404, 1.000000)
vec4(0.519993, -1.574100, -17.679304, 1.000000)
vec4(0.541594, -1.597600, -17.367504, 1.000000)
vec4(0.542893, -1.619500, -17.053802, 1.000000)
vec4(0.542994, -1.644200, -16.731403, 1.000000)
vec4(0.529093, -1.668800, -16.405203, 1.000000)
vec4(0.514793, -1.594200, -19.678503, 1.000000)
vec4(0.515493, -1.596900, -19.401003, 1.000000)
vec4(0.516193, -1.601900, -19.122204, 1.000000)
vec4(0.516994, -1.609200, -18.841303, 1.000000)
vec4(0.517694, -1.618900, -18.557404, 1.000000)
vec4(0.518394, -1.631000, -18.269804, 1.000000)
vec4(0.519193, -1.645700, -17.977404, 1.000000)
vec4(0.519993, -1.663000, -17.679304, 1.000000)
vec4(0.539893, -1.687400, -17.368103, 1.000000)
vec4(0.540093, -1.710300, -17.054903, 1.000000)
vec4(0.540194, -1.736300, -16.732603, 1.000000)
vec4(0.526393, -1.762300, -16.406504, 1.000000)
vec4(0.514793, -1.679800, -19.678503, 1.000000)
vec4(0.515493, -1.682700, -19.401003, 1.000000)
vec4(0.516193, -1.687900, -19.122204, 1.000000)
vec4(0.516994, -1.695600, -18.841303, 1.000000)
vec4(0.517694, -1.705800, -18.557503, 1.000000)
vec4(0.518394, -1.718600, -18.269804, 1.000000)
vec4(0.519193, -1.734000, -17.977404, 1.000000)
vec4(0.519993, -1.752200, -17.679403, 1.000000)
vec4(0.537193, -1.777300, -17.369003, 1.000000)
vec4(0.537394, -1.801400, -17.055904, 1.000000)
vec4(0.537394, -1.828800, -16.733904, 1.000000)
vec4(0.523694, -1.856200, -16.407803, 1.000000)
vec4(0.514793, -1.765900, -19.678503, 1.000000)
vec4(0.515493, -1.768900, -19.401104, 1.000000)
vec4(0.516193, -1.774400, -19.122303, 1.000000)
vec4(0.516994, -1.782500, -18.841404, 1.000000)
vec4(0.517694, -1.793200, -18.557503, 1.000000)
vec4(0.518394, -1.806600, -18.269804, 1.000000)
vec4(0.519193, -1.822800, -17.977503, 1.000000)
vec4(0.519993, -1.842000, -17.679403, 1.000000)
vec4(0.534493, -1.867700, -17.370003, 1.000000)
vec4(0.534593, -1.893000, -17.057003, 1.000000)
vec4(0.534593, -1.921700, -16.735104, 1.000000)
vec4(0.523293, -1.951200, -16.408104, 1.000000)
vec4(0.514793, -1.852400, -19.678604, 1.000000)
vec4(0.515493, -1.855500, -19.401104, 1.000000)
vec4(0.516193, -1.861300, -19.122303, 1.000000)
vec4(0.516994, -1.869800, -18.841404, 1.000000)
vec4(0.517694, -1.881000, -18.557503, 1.000000)
vec4(0.518394, -1.895100, -18.269903, 1.000000)
vec4(0.519193, -1.912100, -17.977503, 1.000000)
vec4(0.519993, -1.932200, -17.679403, 1.000000)
vec4(0.531693, -1.958400, -17.370903, 1.000000)
vec4(0.531793, -1.984900, -17.058104, 1.000000)
vec4(0.531693, -2.015000, -16.736303, 1.000000)
vec4(0.523293, -2.046700, -16.408104, 1.000000)
vec4(0.514793, -1.939400, -19.678604, 1.000000)
vec4(0.515493, -1.942700, -19.401104, 1.000000)
vec4(0.516193, -1.948700, -19.122303, 1.000000)
vec4(0.516994, -1.957600, -18.841404, 1.000000)
vec4(0.517694, -1.969400, -18.557604, 1.000000)
vec4(0.518394, -1.984100, -18.269903, 1.000000)
vec4(0.519193, -2.001900, -17.977503, 1.000000)
vec4(0.519993, -2.022900, -17.679504, 1.000000)
vec4(0.528993, -2.049600, -17.371902, 1.000000)
vec4(0.528993, -2.077300, -17.059204, 1.000000)
vec4(0.528893, -2.108800, -16.737604, 1.000000)
vec4(0.523293, -2.142800, -16.408104, 1.000000)
vec4(0.514793, -2.026900, -19.678604, 1.000000)
vec4(0.515493, -2.030300, -19.401104, 1.000000)
vec4(0.516193, -2.036700, -19.122404, 1.000000)
vec4(0.516994, -2.045900, -18.841404, 1.000000)
vec4(0.517694, -2.058200, -18.557604, 1.000000)
vec4(0.518394, -2.073600, -18.269903, 1.000000)
vec4(0.519193, -2.092200, -17.977604, 1.000000)
vec4(0.519993, -2.114100, -17.679504, 1.000000)
vec4(0.526193, -2.141200, -17.372904, 1.000000)
vec4(0.526193, -2.170200, -17.060303, 1.000000)
vec4(0.525993, -2.203100, -16.738804, 1.000000)
vec4(0.523293, -2.239400, -16.408203, 1.000000)
vec4(0.514793, -2.114900, -19.678703, 1.000000)
vec4(0.515493, -2.118500, -19.401203, 1.000000)
vec4(0.516193, -2.125100, -19.122404, 1.000000)
vec4(0.516994, -2.134800, -18.841503, 1.000000)
vec4(0.517694, -2.147600, -18.557604, 1.000000)
vec4(0.518394, -2.163600, -18.270004, 1.000000)
vec4(0.519193, -2.183100, -17.977604, 1.000000)
vec4(0.519993, -2.206000, -17.679504, 1.000000)
vec4(0.523393, -2.233300, -17.373804, 1.000000)
vec4(0.523293, -2.263500, -17.061403, 1.000000)
vec4(0.523093, -2.297800, -16.740004, 1.000000)
vec4(0.552494, -2.345900, -16.394604, 1.000000)
vec4(0.417193, -2.345900, -16.118904, 1.000000)
vec4(0.514793, -2.203500, -19.678703, 1.000000)
vec4(0.515493, -2.207300, -19.401203, 1.000000)
vec4(0.516193, -2.214100, -19.122404, 1.000000)
vec4(0.516994, -2.224200, -18.841503, 1.000000)
vec4(0.517694, -2.237600, -18.557703, 1.000000)
vec4(0.518394, -2.254300, -18.270004, 1.000000)
vec4(0.519193, -2.274500, -17.977604, 1.000000)
vec4(0.519993, -2.298300, -17.679604, 1.000000)
vec4(0.583694, -2.345900, -17.353703, 1.000000)
vec4(0.484393, -2.345900, -17.076103, 1.000000)
vec4(0.374893, -2.345900, -16.802504, 1.000000)
vec4(0.255093, -2.345900, -16.533203, 1.000000)
vec4(0.125293, -2.345900, -16.268604, 1.000000)
vec4(-0.014407, -2.345900, -16.009003, 1.000000)
vec4(0.514793, -2.292700, -19.678703, 1.000000)
vec4(0.515493, -2.296600, -19.401203, 1.000000)
vec4(0.516193, -2.303800, -19.122503, 1.000000)
vec4(0.516994, -2.314200, -18.841503, 1.000000)
vec4(0.573894, -2.345900, -18.547903, 1.000000)
vec4(0.519593, -2.345900, -18.269804, 1.000000)
vec4(0.454993, -2.345900, -17.993904, 1.000000)
vec4(0.379893, -2.345900, -17.720703, 1.000000)
vec4(0.294693, -2.345900, -17.450504, 1.000000)
vec4(0.199393, -2.345900, -17.183704, 1.000000)
vec4(0.094093, -2.345900, -16.920704, 1.000000)
vec4(-0.021007, -2.345900, -16.661903, 1.000000)
vec4(-0.145807, -2.345900, -16.407503, 1.000000)
vec4(-0.280007, -2.345900, -16.158104, 1.000000)
vec4(0.402693, -2.345900, -19.954004, 1.000000)
vec4(0.401494, -2.345900, -19.681204, 1.000000)
vec4(0.389993, -2.345900, -19.408804, 1.000000)
vec4(0.368293, -2.345900, -19.136904, 1.000000)
vec4(0.336393, -2.345900, -18.866104, 1.000000)
vec4(0.294193, -2.345900, -18.596703, 1.000000)
vec4(0.241993, -2.345900, -18.329004, 1.000000)
vec4(0.179793, -2.345900, -18.063602, 1.000000)
vec4(0.107594, -2.345900, -17.800604, 1.000000)
vec4(0.025593, -2.345900, -17.540604, 1.000000)
vec4(-0.066107, -2.345900, -17.283903, 1.000000)
vec4(-0.167407, -2.345900, -17.030804, 1.000000)
vec4(-0.278207, -2.345900, -16.781704, 1.000000)
vec4(-0.398207, -2.345900, -16.536903, 1.000000)
vec4(-0.527407, -2.345900, -16.296904, 1.000000)
vec4(0.137593, -2.345900, -19.949903, 1.000000)
vec4(0.136394, -2.345900, -19.687204, 1.000000)
vec4(0.125293, -2.345900, -19.424603, 1.000000)
vec4(0.104393, -2.345900, -19.162703, 1.000000)
vec4(0.073693, -2.345900, -18.901804, 1.000000)
vec4(0.033093, -2.345900, -18.642204, 1.000000)
vec4(-0.017207, -2.345900, -18.384403, 1.000000)
vec4(-0.077106, -2.345900, -18.128603, 1.000000)
vec4(-0.146707, -2.345900, -17.875303, 1.000000)
vec4(-0.225707, -2.345900, -17.624804, 1.000000)
vec4(-0.314106, -2.345900, -17.377403, 1.000000)
vec4(-0.411706, -2.345900, -17.133604, 1.000000)
vec4(-0.518407, -2.345900, -16.893604, 1.000000)
vec4(-0.634007, -2.345900, -16.657803, 1.000000)
vec4(-0.758407, -2.345900, -16.426504, 1.000000)
vec4(-0.110707, -2.345900, -19.946104, 1.000000)
vec4(-0.111807, -2.345900, -19.692703, 1.000000)
vec4(-0.122406, -2.345900, -19.439503, 1.000000)
vec4(-0.142607, -2.345900, -19.186903, 1.000000)
vec4(-0.172307, -2.345900, -18.935204, 1.000000)
vec4(-0.211407, -2.345900, -18.684904, 1.000000)
vec4(-0.259907, -2.345900, -18.436203, 1.000000)
vec4(-0.317707, -2.345900, -18.189503, 1.000000)
vec4(-0.384706, -2.345900, -17.945204, 1.000000)
vec4(-0.460907, -2.345900, -17.703604, 1.000000)
vec4(-0.546107, -2.345900, -17.465004, 1.000000)
vec4(-0.640306, -2.345900, -17.229904, 1.000000)
vec4(-0.743207, -2.345900, -16.998404, 1.000000)
vec4(-0.854707, -2.345900, -16.771004, 1.000000)
vec4(-1.083007, -2.302600, -16.608704, 1.000000)
vec4(-0.343606, -2.345900, -19.942503, 1.000000)
vec4(-0.344707, -2.345900, -19.697903, 1.000000)
vec4(-0.354907, -2.345900, -19.453403, 1.000000)
vec4(-0.374407, -2.345900, -19.209604, 1.000000)
vec4(-0.403007, -2.345900, -18.966604, 1.000000)
vec4(-0.440807, -2.345900, -18.724903, 1.000000)
vec4(-0.487607, -2.345900, -18.484804, 1.000000)
vec4(-0.543406, -2.345900, -18.246704, 1.000000)
vec4(-0.608107, -2.345900, -18.010803, 1.000000)
vec4(-0.681706, -2.345900, -17.777504, 1.000000)
vec4(-0.763906, -2.345900, -17.547203, 1.000000)
vec4(-0.854807, -2.345900, -17.320204, 1.000000)
vec4(-0.954107, -2.345900, -17.096703, 1.000000)
vec4(-1.168507, -2.302600, -16.931803, 1.000000)
vec4(-1.282207, -2.302600, -16.720404, 1.000000)
vec4(-0.563707, -2.345900, -19.702703, 1.000000)
vec4(-0.573606, -2.345900, -19.466503, 1.000000)
vec4(-0.592407, -2.345900, -19.230904, 1.000000)
vec4(-0.620007, -2.345900, -18.996103, 1.000000)
vec4(-0.656507, -2.345900, -18.762604, 1.000000)
vec4(-0.701707, -2.345900, -18.530603, 1.000000)
vec4(-0.755607, -2.345900, -18.300404, 1.000000)
vec4(-0.818207, -2.345900, -18.072504, 1.000000)
vec4(-0.889207, -2.345900, -17.847103, 1.000000)
vec4(-1.077106, -2.302600, -17.665403, 1.000000)
vec4(-1.163307, -2.302600, -17.450104, 1.000000)
vec4(-1.257507, -2.302600, -17.238104, 1.000000)
vec4(-1.359607, -2.302600, -17.029804, 1.000000)
vec4(-1.469507, -2.302600, -16.825603, 1.000000)
vec4(-0.770007, -2.345900, -19.707304, 1.000000)
vec4(-0.779607, -2.345900, -19.478903, 1.000000)
vec4(-0.797807, -2.345900, -19.251003, 1.000000)
vec4(-0.824507, -2.345900, -19.023903, 1.000000)
vec4(-0.859807, -2.345900, -18.798004, 1.000000)
vec4(-0.903507, -2.345900, -18.573603, 1.000000)
vec4(-0.955707, -2.345900, -18.351103, 1.000000)
vec4(-1.123707, -2.302600, -18.162203, 1.000000)
vec4(-1.191107, -2.302600, -17.948204, 1.000000)
vec4(-1.266607, -2.302600, -17.736904, 1.000000)
vec4(-1.349906, -2.302600, -17.528603, 1.000000)
vec4(-1.441007, -2.302600, -17.323603, 1.000000)
vec4(-1.539807, -2.302600, -17.122204, 1.000000)
vec4(-1.646007, -2.302600, -16.924603, 1.000000)
vec4(-1.082507, -2.302600, -19.497004, 1.000000)
vec4(-1.099707, -2.302600, -19.280504, 1.000000)
vec4(-1.125107, -2.302600, -19.064804, 1.000000)
vec4(-1.158607, -2.302600, -18.850203, 1.000000)
vec4(-1.200207, -2.302600, -18.637003, 1.000000)
vec4(-1.249707, -2.302600, -18.425503, 1.000000)
vec4(-1.307106, -2.302600, -18.216103, 1.000000)
vec4(-1.372406, -2.302600, -18.008904, 1.000000)
vec4(-1.445406, -2.302600, -17.804403, 1.000000)
vec4(-1.526107, -2.302600, -17.602804, 1.000000)
vec4(-1.614306, -2.302600, -17.404404, 1.000000)
vec4(-1.709907, -2.302600, -17.209404, 1.000000)
vec4(-1.263107, -2.302600, -19.507904, 1.000000)
vec4(-1.279807, -2.302600, -19.298103, 1.000000)
vec4(-1.304407, -2.302600, -19.089203, 1.000000)
vec4(-1.336807, -2.302600, -18.881304, 1.000000)
vec4(-1.377107, -2.302600, -18.674704, 1.000000)
vec4(-1.425007, -2.302600, -18.469904, 1.000000)
vec4(-1.480707, -2.302600, -18.267004, 1.000000)
vec4(-1.543907, -2.302600, -18.066402, 1.000000)
vec4(-1.614607, -2.302600, -17.868303, 1.000000)
vec4(-1.692807, -2.302600, -17.673004, 1.000000)
vec4(-1.778207, -2.302600, -17.480703, 1.000000)
vec4(-1.450407, -2.302600, -19.314804, 1.000000)
vec4(-1.474307, -2.302600, -19.112204, 1.000000)
vec4(-1.505707, -2.302600, -18.910704, 1.000000)
vec4(-1.544707, -2.302600, -18.710503, 1.000000)
vec4(-1.591207, -2.302600, -18.512003, 1.000000)
vec4(-1.645107, -2.302600, -18.315304, 1.000000)
vec4(-1.706407, -2.302600, -18.120804, 1.000000)
vec4(-1.775007, -2.302600, -17.928802, 1.000000)
vec4(-1.850707, -2.302600, -17.739403, 1.000000)
vec4(-1.933506, -2.302600, -17.553104, 1.000000)
vec4(-1.635507, -2.302600, -19.134203, 1.000000)
vec4(-1.666007, -2.302600, -18.938704, 1.000000)
vec4(-1.703807, -2.302600, -18.744503, 1.000000)
vec4(-1.748907, -2.302600, -18.551903, 1.000000)
vec4(-1.801207, -2.302600, -18.361103, 1.000000)
vec4(-1.860707, -2.302600, -18.172504, 1.000000)
vec4(-1.927107, -2.302600, -17.986204, 1.000000)
vec4(-1.898807, -2.302600, -18.589903, 1.000000)
vec4(-1.949607, -2.302600, -18.404703, 1.000000)
