vec3(-8.030890, 0.000000, -19.382832)
vec4(-0.659890, -0.567600, -18.281731, 1.000000)
vec4(-0.660089, -0.578200, -17.950031, 1.000000)
vec4(-0.721590, -0.585100, -17.637833, 1.000000)
vec4(-0.657790, -0.646000, -18.602831, 1.000000)
vec4(-0.657990, -0.656900, -18.281332, 1.000000)
vec4(-0.658189, -0.669000, -17.949432, 1.000000)
vec4(-0.721590, -0.676600, -17.638132, 1.000000)
vec4(-0.672289, -0.696200, -17.256231, 1.000000)
vec4(-0.655990, -0.734200, -18.602531, 1.000000)
vec4(-0.656189, -0.746400, -18.280931, 1.000000)
vec4(-0.656290, -0.760000, -17.948931, 1.000000)
vec4(-0.721590, -0.768300, -17.638531, 1.000000)
vec4(-0.672289, -0.790400, -17.256632, 1.000000)
vec4(-0.670390, -0.808800, -18.920332, 1.000000)
vec4(-0.654190, -0.822600, -18.602131, 1.000000)
vec4(-0.654290, -0.836100, -18.280432, 1.000000)
vec4(-0.654389, -0.851200, -17.948431, 1.000000)
vec4(-0.721590, -0.860200, -17.638832, 1.000000)
vec4(-0.672289, -0.884700, -17.256931, 1.000000)
vec4(-0.672689, -0.905500, -16.885231, 1.000000)
vec4(-0.670390, -0.895800, -18.920631, 1.000000)
vec4(-0.652289, -0.911200, -18.601732, 1.000000)
vec4(-0.652390, -0.926100, -18.280031, 1.000000)
vec4(-0.652490, -0.942700, -17.947832, 1.000000)
vec4(-0.721590, -0.952300, -17.639233, 1.000000)
vec4(-0.672289, -0.979400, -17.257332, 1.000000)
vec4(-0.672689, -1.002200, -16.885632, 1.000000)
vec4(-0.670090, -0.970500, -19.225132, 1.000000)
vec4(-0.670390, -0.983100, -18.920931, 1.000000)
vec4(-0.650489, -1.000100, -18.601431, 1.000000)
vec4(-0.650589, -1.016300, -18.279531, 1.000000)
vec4(-0.650589, -1.034500, -17.947332, 1.000000)
vec4(-0.721590, -1.044600, -17.639631, 1.000000)
vec4(-0.672289, -1.074200, -17.257732, 1.000000)
vec4(-0.672689, -1.099200, -16.885931, 1.000000)
vec4(-0.670090, -1.057000, -19.225431, 1.000000)
vec4(-0.670390, -1.070600, -18.921331, 1.000000)
vec4(-0.648690, -1.089300, -18.601032, 1.000000)
vec4(-0.648690, -1.106800, -18.279131, 1.000000)
vec4(-0.648690, -1.126500, -17.946831, 1.000000)
vec4(-0.721590, -1.137200, -17.639931, 1.000000)
vec4(-0.672289, -1.169300, -17.258032, 1.000000)
vec4(-0.672689, -1.196400, -16.886332, 1.000000)
vec4(-0.670090, -1.143700, -19.225832, 1.000000)
vec4(-0.669089, -1.158500, -18.921232, 1.000000)
vec4(-0.646790, -1.178800, -18.600731, 1.000000)
vec4(-0.646790, -1.197700, -18.278732, 1.000000)
vec4(-0.646790, -1.218900, -17.946232, 1.000000)
vec4(-0.721590, -1.230100, -17.640331, 1.000000)
vec4(-0.672289, -1.264700, -17.258430, 1.000000)
vec4(-0.672689, -1.293900, -16.886732, 1.000000)
vec4(-0.673090, -1.326400, -16.497532, 1.000000)
vec4(-0.670090, -1.230700, -19.226131, 1.000000)
vec4(-0.667290, -1.246900, -18.920931, 1.000000)
vec4(-0.644889, -1.268600, -18.600332, 1.000000)
vec4(-0.644889, -1.288900, -18.278233, 1.000000)
vec4(-0.644889, -1.311700, -17.945732, 1.000000)
vec4(-0.721590, -1.323200, -17.640633, 1.000000)
vec4(-0.672190, -1.360400, -17.258831, 1.000000)
vec4(-0.672689, -1.391800, -16.887131, 1.000000)
vec4(-0.673090, -1.426600, -16.497932, 1.000000)
vec4(-0.669690, -1.303600, -19.524031, 1.000000)
vec4(-0.670090, -1.318000, -19.226532, 1.000000)
vec4(-0.665390, -1.335600, -18.920631, 1.000000)
vec4(-0.643089, -1.358800, -18.600031, 1.000000)
vec4(-0.642990, -1.380500, -18.277832, 1.000000)
vec4(-0.643589, -1.404700, -17.945532, 1.000000)
vec4(-0.721590, -1.416800, -17.641031, 1.000000)
vec4(-0.672190, -1.456500, -17.259132, 1.000000)
vec4(-0.672689, -1.490000, -16.887531, 1.000000)
vec4(-0.673090, -1.527100, -16.498331, 1.000000)
vec4(-0.669690, -1.390300, -19.524332, 1.000000)
vec4(-0.670090, -1.405700, -19.226831, 1.000000)
vec4(-0.664390, -1.424600, -18.920631, 1.000000)
vec4(-0.644390, -1.448800, -18.600832, 1.000000)
vec4(-0.645289, -1.471600, -18.279131, 1.000000)
vec4(-0.646389, -1.497200, -17.947132, 1.000000)
vec4(-0.721590, -1.510600, -17.641331, 1.000000)
vec4(-0.672190, -1.552900, -17.259531, 1.000000)
vec4(-0.672689, -1.588500, -16.887833, 1.000000)
vec4(-0.673090, -1.628100, -16.498732, 1.000000)
vec4(-0.669690, -1.477400, -19.524731, 1.000000)
vec4(-0.670090, -1.493700, -19.227131, 1.000000)
vec4(-0.664390, -1.513700, -18.921032, 1.000000)
vec4(-0.647089, -1.538800, -18.602232, 1.000000)
vec4(-0.648089, -1.563000, -18.280632, 1.000000)
vec4(-0.649189, -1.590100, -17.948832, 1.000000)
vec4(-0.721590, -1.604800, -17.641731, 1.000000)
vec4(-0.672190, -1.649700, -17.259932, 1.000000)
vec4(-0.672689, -1.687500, -16.888231, 1.000000)
vec4(-0.673090, -1.729400, -16.499132, 1.000000)
vec4(-0.669690, -1.564900, -19.525032, 1.000000)
vec4(-0.670090, -1.582100, -19.227531, 1.000000)
vec4(-0.664490, -1.603200, -18.921331, 1.000000)
vec4(-0.649789, -1.629200, -18.603632, 1.000000)
vec4(-0.650889, -1.654600, -18.282131, 1.000000)
vec4(-0.652090, -1.683300, -17.950531, 1.000000)
vec4(-0.720990, -1.699600, -17.641832, 1.000000)
vec4(-0.672190, -1.746900, -17.260332, 1.000000)
vec4(-0.672689, -1.786900, -16.888632, 1.000000)
vec4(-0.673090, -1.831200, -16.499432, 1.000000)
vec4(-0.669690, -1.652800, -19.525433, 1.000000)
vec4(-0.670090, -1.670900, -19.227831, 1.000000)
vec4(-0.664490, -1.693100, -18.921732, 1.000000)
vec4(-0.652589, -1.719800, -18.604931, 1.000000)
vec4(-0.653689, -1.746700, -18.283731, 1.000000)
vec4(-0.654890, -1.776800, -17.952232, 1.000000)
vec4(-0.719790, -1.795000, -17.641531, 1.000000)
vec4(-0.672190, -1.844600, -17.260632, 1.000000)
vec4(-0.672689, -1.886700, -16.889030, 1.000000)
vec4(-0.673090, -1.933500, -16.499832, 1.000000)
vec4(-0.669690, -1.741100, -19.525732, 1.000000)
vec4(-0.670090, -1.760100, -19.228231, 1.000000)
vec4(-0.664490, -1.783500, -18.922131, 1.000000)
vec4(-0.655290, -1.810900, -18.606331, 1.000000)
vec4(-0.656489, -1.839100, -18.285233, 1.000000)
vec4(-0.657790, -1.870800, -17.953932, 1.000000)
vec4(-0.718589, -1.890900, -17.641331, 1.000000)
vec4(-0.672190, -1.942700, -17.261032, 1.000000)
vec4(-0.672689, -1.987000, -16.889332, 1.000000)
vec4(-0.673090, -2.036300, -16.500233, 1.000000)
vec4(-0.669690, -1.829900, -19.526031, 1.000000)
vec4(-0.670090, -1.849800, -19.228531, 1.000000)
vec4(-0.664589, -1.874300, -18.922432, 1.000000)
vec4(-0.658090, -1.902300, -18.607731, 1.000000)
vec4(-0.659289, -1.931900, -18.286732, 1.000000)
vec4(-0.660590, -1.965100, -17.955631, 1.000000)
vec4(-0.717289, -1.987300, -17.641031, 1.000000)
vec4(-0.672190, -2.041400, -17.261433, 1.000000)
vec4(-0.672689, -2.087900, -16.889732, 1.000000)
vec4(-0.673090, -2.139500, -16.500631, 1.000000)
vec4(-0.669690, -1.919100, -19.526432, 1.000000)
vec4(-0.670090, -1.940000, -19.228931, 1.000000)
vec4(-0.664589, -1.965600, -18.922832, 1.000000)
vec4(-0.660789, -1.994200, -18.609131, 1.000000)
vec4(-0.662089, -2.025100, -18.288332, 1.000000)
vec4(-0.663489, -2.059800, -17.957333, 1.000000)
vec4(-0.716090, -2.084200, -17.640732, 1.000000)
vec4(-0.672190, -2.140500, -17.261831, 1.000000)
vec4(-0.672689, -2.189200, -16.890131, 1.000000)
vec4(-0.673090, -2.243400, -16.501032, 1.000000)
vec4(-0.669390, -1.990300, -19.818731, 1.000000)
vec4(-0.669690, -2.008900, -19.526731, 1.000000)
vec4(-0.670090, -2.030600, -19.229231, 1.000000)
vec4(-0.664589, -2.057400, -18.923231, 1.000000)
vec4(-0.663589, -2.086500, -18.610531, 1.000000)
vec4(-0.664889, -2.118700, -18.289831, 1.000000)
vec4(-0.666389, -2.155000, -17.959032, 1.000000)
vec4(-0.714890, -2.181700, -17.640532, 1.000000)
vec4(-0.672190, -2.240200, -17.262232, 1.000000)
vec4(-0.672689, -2.291200, -16.890532, 1.000000)
vec4(-0.679490, -2.345700, -16.505732, 1.000000)
vec4(-0.871689, -2.345700, -16.234932, 1.000000)
vec4(-0.669390, -2.079800, -19.819031, 1.000000)
vec4(-0.669690, -2.099100, -19.527132, 1.000000)
vec4(-0.670090, -2.121800, -19.229631, 1.000000)
vec4(-0.665190, -2.149500, -18.923731, 1.000000)
vec4(-0.666389, -2.179200, -18.612032, 1.000000)
vec4(-0.667789, -2.212900, -18.291431, 1.000000)
vec4(-0.669290, -2.250700, -17.960732, 1.000000)
vec4(-0.713590, -2.279800, -17.640232, 1.000000)
vec4(-0.655990, -2.345700, -17.253532, 1.000000)
vec4(-0.820189, -2.345700, -16.981031, 1.000000)
vec4(-0.994289, -2.345700, -16.714931, 1.000000)
vec4(-1.178090, -2.345700, -16.455631, 1.000000)
vec4(-0.669390, -2.169800, -19.819431, 1.000000)
vec4(-0.669690, -2.189900, -19.527431, 1.000000)
vec4(-0.670090, -2.213600, -19.229931, 1.000000)
vec4(-0.667990, -2.241600, -18.925032, 1.000000)
vec4(-0.669290, -2.272500, -18.613432, 1.000000)
vec4(-0.670690, -2.307500, -18.293032, 1.000000)
vec4(-0.676089, -2.345700, -17.964231, 1.000000)
vec4(-0.813489, -2.345700, -17.691631, 1.000000)
vec4(-0.960889, -2.345700, -17.424532, 1.000000)
vec4(-1.118090, -2.345700, -17.163231, 1.000000)
vec4(-1.284890, -2.345700, -16.908031, 1.000000)
vec4(-1.460989, -2.345700, -16.659431, 1.000000)
vec4(-0.669390, -2.260400, -19.819731, 1.000000)
vec4(-0.669690, -2.281300, -19.527832, 1.000000)
vec4(-0.670090, -2.305900, -19.230331, 1.000000)
vec4(-0.634389, -2.345700, -18.914131, 1.000000)
vec4(-0.736189, -2.345700, -18.638931, 1.000000)
vec4(-0.848090, -2.345700, -18.367832, 1.000000)
vec4(-0.970089, -2.345700, -18.101231, 1.000000)
vec4(-1.101789, -2.345700, -17.839531, 1.000000)
vec4(-1.243189, -2.345700, -17.583031, 1.000000)
vec4(-1.394090, -2.345700, -17.332031, 1.000000)
vec4(-1.554090, -2.345700, -17.087032, 1.000000)
vec4(-0.687990, -2.345700, -19.824032, 1.000000)
vec4(-0.755390, -2.345700, -19.549732, 1.000000)
vec4(-0.833089, -2.345700, -19.278332, 1.000000)
vec4(-0.920889, -2.345700, -19.010132, 1.000000)
vec4(-1.018589, -2.345700, -18.745531, 1.000000)
vec4(-1.126090, -2.345700, -18.484831, 1.000000)
vec4(-1.243189, -2.345700, -18.228531, 1.000000)
vec4(-1.369689, -2.345700, -17.976831, 1.000000)
vec4(-1.505589, -2.345700, -17.730232, 1.000000)
vec4(-1.650489, -2.345700, -17.488831, 1.000000)
vec4(-1.804190, -2.345700, -17.253231, 1.000000)
vec4(-1.028790, -2.345700, -19.618931, 1.000000)
vec4(-1.103390, -2.345700, -19.357731, 1.000000)
vec4(-1.187789, -2.345700, -19.099531, 1.000000)
vec4(-1.281690, -2.345700, -18.844831, 1.000000)
vec4(-1.384990, -2.345700, -18.593931, 1.000000)
vec4(-1.497590, -2.345700, -18.347132, 1.000000)
vec4(-1.619390, -2.345700, -18.104832, 1.000000)
vec4(-1.749990, -2.345700, -17.867332, 1.000000)
vec4(-1.889390, -2.345700, -17.635031, 1.000000)
vec4(-1.355889, -2.345700, -19.431831, 1.000000)
vec4(-1.436989, -2.345700, -19.183031, 1.000000)
vec4(-1.527390, -2.345700, -18.937531, 1.000000)
vec4(-1.626890, -2.345700, -18.695732, 1.000000)
vec4(-1.735290, -2.345700, -18.457932, 1.000000)
vec4(-1.852489, -2.345700, -18.224432, 1.000000)
vec4(-1.978290, -2.345700, -17.995531, 1.000000)
